20 720 10
0 98 109 83 90 93 92 87 70 97 95 84 80 83 78 87 69 92 73 97 
98 0 10 780 8 780 6 12 780 12 780 780 780 780 780 780 780 780 780 8 
109 10 0 780 780 17 17 780 780 11 16 780 780 780 780 780 780 780 780 12 
83 780 780 0 13 780 19 780 780 780 11 20 780 780 780 780 20 9 780 780 
90 8 780 13 0 780 6 780 780 780 7 7 780 780 780 780 780 13 780 780 
93 780 780 780 780 0 780 6 780 6 780 780 12 9 780 6 780 780 780 10 
92 6 780 780 6 780 0 14 780 14 14 7 14 780 780 780 780 780 780 9 
87 780 780 780 780 6 780 0 780 9 780 780 7 5 9 9 780 780 780 9 
70 780 780 780 780 780 780 780 0 780 780 14 10 13 10 780 9 780 5 780 
97 12 11 780 780 6 780 9 780 0 780 780 780 780 780 10 780 780 780 4 
95 15 780 11 7 780 14 780 780 780 0 15 780 780 780 780 780 6 780 780 
84 13 780 780 7 780 7 13 780 13 780 0 13 780 780 780 780 780 11 12 
80 780 780 780 780 780 780 7 10 780 780 780 0 4 5 9 780 780 10 780 
83 780 780 780 780 9 780 5 13 13 780 780 4 0 5 4 780 780 780 13 
78 780 780 780 780 15 780 9 10 780 780 780 5 5 0 9 780 780 15 780 
87 780 780 780 780 6 780 9 780 10 780 780 9 4 9 0 780 780 780 780 
69 780 780 780 780 780 780 18 9 780 780 15 14 18 780 780 0 780 4 780 
92 21 780 9 13 780 20 780 780 780 6 21 780 780 780 780 780 0 780 780 
73 780 780 780 780 780 780 14 5 780 780 11 10 15 15 780 4 780 0 780 
97 8 12 780 780 10 9 9 780 4 780 12 780 780 780 780 780 780 780 0 
0 
1 20840 
1 11559 
0 
0 
0 
0 
0 
1 10352 
2 19618 8826 
0 
2 8604 9063 
1 18121 
1 15133 
0 
0 
0 
1 8757 
0 
1 14030 

0 
1 34039 
1 18879 
0 
0 
0 
0 
0 
1 16909 
2 32043 14417 
0 
2 14054 14804 
1 29598 
1 24718 
0 
0 
0 
1 14303 
0 
1 22916 

5 7037 4915 7342 11844 8430 
4 9317 8426 9639 6310 
5 8700 8997 8288 4994 6533 
6 8353 8840 10269 7537 5835 7873 
5 5287 12278 4168 6259 11254 
6 8590 6893 7605 6873 8229 9414 
6 7437 17209 7987 11308 6196 9299 
6 7740 3165 5408 8167 10198 8172 
4 12881 5744 7002 5630 
4 9458 8522 6064 7981 
117 99 111 144 117 141 177 126 93 96 
1 1 1 1 1 0 1 0 0 0 1 1 1 0 0 1 1 0 0 0 
1 1 1 1 1 1 1 1 1 1 1 1 1 1 1 1 1 1 1 1 
1 1 1 1 1 0 1 0 0 0 1 1 1 0 0 1 1 0 0 0 
1 1 1 0 1 1 0 1 1 1 1 0 1 1 1 1 0 1 1 1 
1 1 1 1 1 0 1 0 0 0 1 1 1 0 0 1 1 0 0 0 
1 1 1 1 1 1 1 1 1 1 1 1 1 1 1 1 1 1 1 1 
1 1 1 1 1 0 1 0 0 0 1 1 1 0 0 1 1 0 0 0 
1 1 1 0 1 1 0 1 1 1 1 0 1 1 1 1 0 1 1 1 
1 1 1 0 1 1 0 1 1 1 1 0 1 1 1 1 0 1 1 1 
1 1 1 1 1 0 1 0 0 0 1 1 1 0 0 1 1 0 0 0 
