50 720 20
0 85 95 90 77 94 89 94 72 102 84 86 100 82 102 99 105 72 93 91 94 108 95 84 80 76 86 96 75 104 107 94 85 78 106 78 85 85 78 87 98 84 84 61 93 80 94 97 98 94 
85 0 11 18 21 9 3 9 12 17 11 22 15 12 17 13 19 12 23 17 9 23 25 26 14 8 4 10 10 23 21 12 4 7 21 9 15 14 23 15 12 23 27 24 16 28 20 11 23 8 
95 11 0 29 32 2 12 7 22 11 10 33 10 12 12 15 9 22 34 28 3 21 36 37 25 18 15 11 20 34 18 1 15 17 22 20 26 25 34 26 3 34 39 33 27 39 31 14 34 4 
90 18 29 0 13 26 16 21 17 17 29 4 18 30 16 14 21 20 5 1 25 18 7 8 10 24 13 18 15 14 17 30 13 21 16 11 4 4 11 3 27 6 9 28 3 10 4 14 8 24 
77 21 32 13 0 30 19 25 11 25 32 9 23 34 25 21 28 24 15 14 29 31 18 7 7 27 16 21 12 27 30 34 17 25 29 12 8 8 1 10 30 6 7 15 16 6 17 20 21 28 
94 9 2 26 30 0 10 4 21 8 9 30 7 11 10 12 10 21 32 25 0 19 33 34 22 17 13 8 19 31 15 4 12 16 20 18 23 22 31 24 3 31 36 33 25 36 29 11 31 1 
89 3 12 16 19 10 0 5 16 13 12 20 11 14 13 9 16 16 21 15 9 19 23 24 12 12 3 7 13 21 18 14 3 10 17 10 13 12 21 13 11 21 26 27 15 26 18 8 21 8 
94 9 7 21 25 4 5 0 21 8 9 25 6 11 8 7 10 21 27 21 3 14 29 29 18 17 8 3 19 26 12 9 9 16 15 15 18 17 26 19 5 26 31 33 20 31 24 6 26 3 
72 12 22 17 11 21 16 21 0 29 21 13 27 23 30 26 32 12 20 18 21 36 22 15 7 16 13 23 2 31 34 23 12 13 33 6 12 12 12 14 25 12 17 11 21 18 21 24 25 21 
102 17 11 17 25 8 13 8 29 0 18 21 1 19 1 3 3 30 23 17 7 10 25 25 22 25 15 6 27 22 7 13 17 24 11 23 17 16 24 15 9 22 27 41 16 27 20 5 22 8 
84 11 10 29 32 9 12 9 21 18 0 33 16 1 18 15 20 12 34 28 10 24 36 37 25 7 15 11 20 34 22 10 15 7 22 20 26 25 34 26 13 34 39 23 27 39 31 14 34 9 
86 22 33 4 9 30 20 25 13 21 33 0 23 35 20 18 25 24 6 5 29 22 9 3 7 28 17 22 12 18 21 35 17 25 20 12 7 8 7 6 31 2 5 24 7 6 8 18 12 29 
100 15 10 18 23 7 11 6 27 1 16 23 0 18 2 4 4 28 24 18 6 11 26 27 20 24 14 4 25 24 8 12 15 22 12 21 15 15 24 16 8 24 28 39 17 29 21 4 24 6 
82 12 12 30 34 11 14 11 23 19 1 35 18 0 20 16 22 10 36 30 12 26 38 39 27 6 17 13 22 36 24 12 17 9 24 22 27 27 36 28 15 36 40 21 29 41 33 16 36 11 
102 17 12 16 25 10 13 8 30 1 18 20 2 20 0 3 4 30 21 15 9 9 23 24 22 26 16 6 27 21 5 14 17 24 9 24 17 17 24 15 11 21 26 41 15 26 18 5 21 8 
99 13 15 14 21 12 9 7 26 3 15 18 4 16 3 0 6 26 19 13 11 9 21 22 18 22 12 3 23 19 8 16 13 20 7 20 13 13 20 11 13 19 24 37 12 24 16 1 19 10 
105 19 9 21 28 10 16 10 32 3 20 25 4 22 4 6 0 32 26 20 10 13 28 29 25 28 18 9 30 26 10 10 20 27 14 26 19 19 26 18 6 26 30 43 19 31 23 8 26 11 
72 12 22 20 24 21 16 21 12 30 12 24 28 10 30 26 32 0 26 20 22 36 28 28 17 4 14 23 12 31 34 22 12 5 34 12 17 16 25 18 25 25 30 11 21 30 23 24 25 21 
93 23 34 5 15 32 21 27 20 23 34 6 24 36 21 19 26 26 0 6 31 15 2 8 12 30 18 23 17 11 16 36 19 27 13 14 8 9 14 8 33 9 8 31 6 12 3 20 5 30 
91 17 28 1 14 25 15 21 18 17 28 5 18 30 15 13 20 20 6 0 24 17 8 8 11 23 12 17 16 12 15 30 12 21 15 12 6 5 12 4 26 7 10 30 2 10 3 14 6 24 
94 9 3 25 29 0 9 3 21 7 10 29 6 12 9 11 10 22 31 24 0 18 33 33 21 18 12 7 19 30 15 5 12 16 19 17 22 21 30 23 3 30 35 33 24 35 28 10 30 0 
108 23 21 18 31 19 19 14 36 10 24 22 11 26 9 9 13 36 15 17 18 0 14 24 28 32 22 12 33 12 3 23 23 30 2 30 23 23 30 21 20 24 24 47 15 28 14 11 12 17 
95 25 36 7 18 33 23 29 22 25 36 9 26 38 23 21 28 28 2 8 33 14 0 10 15 31 20 25 20 9 18 38 21 29 13 16 10 11 16 9 34 11 10 33 8 14 4 22 3 32 
84 26 37 8 7 34 24 29 15 25 37 3 27 39 24 22 29 28 8 8 33 24 10 0 11 32 21 26 16 19 22 39 21 29 22 16 11 12 6 10 35 3 1 23 9 3 10 22 13 33 
80 14 25 10 7 22 12 18 7 22 25 7 20 27 22 18 25 17 12 11 21 28 15 11 0 20 9 16 4 24 27 27 9 18 26 4 5 5 8 7 23 8 13 18 13 13 14 17 18 21 
76 8 18 24 27 17 12 17 16 25 7 28 24 6 26 22 28 4 30 23 18 32 31 32 20 0 11 19 15 29 30 18 10 2 30 15 21 20 29 21 21 29 34 15 23 34 27 20 29 17 
86 4 15 13 16 13 3 8 13 15 15 17 14 17 16 12 18 14 18 12 12 22 20 21 9 11 0 9 11 18 20 17 1 8 20 7 10 9 18 10 14 18 23 25 12 23 15 10 18 11 
96 10 11 18 21 8 7 3 23 6 11 22 4 13 6 3 9 23 23 17 7 12 25 26 16 19 9 0 21 23 11 12 11 18 11 17 15 14 23 15 9 23 27 34 16 28 20 3 23 6 
75 10 20 15 12 19 13 19 2 27 20 12 25 22 27 23 30 12 17 16 19 33 20 16 4 15 11 21 0 29 32 22 9 13 31 3 10 10 13 12 23 13 18 13 18 18 19 21 23 18 
104 23 34 14 27 31 21 26 31 22 34 18 24 36 21 19 26 31 11 12 30 12 9 19 24 29 18 23 29 0 15 36 19 26 11 25 18 18 25 17 32 20 19 42 10 23 9 19 6 30 
107 21 18 17 30 15 18 12 34 7 22 21 8 24 5 8 10 34 16 15 15 3 18 22 27 30 20 11 32 15 0 20 22 29 4 28 21 21 28 20 16 23 22 45 13 26 13 10 15 14 
94 12 1 30 34 4 14 9 23 13 10 35 12 12 14 16 10 22 36 30 5 23 38 39 27 18 17 12 22 36 20 0 17 16 24 22 27 27 36 28 3 36 40 33 29 41 33 16 36 6 
85 4 15 13 17 12 3 9 12 17 15 17 15 17 17 13 20 12 19 12 12 23 21 21 9 10 1 11 9 19 22 17 0 8 21 6 10 9 18 11 13 18 23 23 12 23 16 12 18 11 
78 7 17 21 25 16 10 16 13 24 7 25 22 9 24 20 27 5 27 21 16 30 29 29 18 2 8 18 13 26 29 16 8 0 28 13 18 17 26 19 20 26 31 16 20 31 24 18 26 15 
106 21 22 16 29 20 17 15 33 11 22 20 12 24 9 7 14 34 13 15 19 2 13 22 26 30 20 11 31 11 4 24 21 28 0 27 21 21 28 19 21 22 22 45 12 26 12 9 11 18 
78 9 20 11 12 18 10 15 6 23 20 12 21 22 24 20 26 12 14 12 17 30 16 16 4 15 7 17 3 25 28 22 6 13 27 0 6 6 13 8 19 13 18 17 15 18 15 18 19 16 
85 15 26 4 8 23 13 18 12 17 26 7 15 27 17 13 19 17 8 6 22 23 10 11 5 21 10 15 10 18 21 27 10 18 21 6 0 0 8 1 24 8 12 24 8 13 9 11 12 21 
85 14 25 4 8 22 12 17 12 16 25 8 15 27 17 13 19 16 9 5 21 23 11 12 5 20 9 14 10 18 21 27 9 17 21 6 0 0 9 1 23 9 13 24 8 14 9 11 12 21 
78 23 34 11 1 31 21 26 12 24 34 7 24 36 24 20 26 25 14 12 30 30 16 6 8 29 18 23 13 25 28 36 18 26 28 13 8 9 0 8 32 5 6 17 15 5 16 19 19 30 
87 15 26 3 10 24 13 19 14 15 26 6 16 28 15 11 18 18 8 4 23 21 9 10 7 21 10 15 12 17 20 28 11 19 19 8 1 1 8 0 24 7 12 25 6 12 7 12 11 22 
98 12 3 27 30 3 11 5 25 9 13 31 8 15 11 13 6 25 33 26 3 20 34 35 23 21 14 9 23 32 16 3 13 20 21 19 24 23 32 24 0 32 37 36 26 37 30 12 32 4 
84 23 34 6 6 31 21 26 12 22 34 2 24 36 21 19 26 25 9 7 30 24 11 3 8 29 18 23 13 20 23 36 18 26 22 13 8 9 5 7 32 0 4 22 9 5 10 19 14 30 
84 27 39 9 7 36 26 31 17 27 39 5 28 40 26 24 30 30 8 10 35 24 10 1 13 34 23 27 18 19 22 40 23 31 22 18 12 13 6 12 37 4 0 23 11 3 10 24 13 34 
61 24 33 28 15 33 27 33 11 41 23 24 39 21 41 37 43 11 31 30 33 47 33 23 18 15 25 34 13 42 45 33 23 16 45 17 24 24 17 25 36 22 23 0 32 22 33 35 36 32 
93 16 27 3 16 25 15 20 21 16 27 7 17 29 15 12 19 21 6 2 24 15 8 9 13 23 12 16 18 10 13 29 12 20 12 15 8 8 15 6 26 9 11 32 0 13 3 13 6 23 
80 28 39 10 6 36 26 31 18 27 39 6 29 41 26 24 31 30 12 10 35 28 14 3 13 34 23 28 18 23 26 41 23 31 26 18 13 14 5 12 37 5 3 22 13 0 14 24 17 35 
94 20 31 4 17 29 18 24 21 20 31 8 21 33 18 16 23 23 3 3 28 14 4 10 14 27 15 20 19 9 13 33 16 24 12 15 9 9 16 7 30 10 10 33 3 14 0 17 3 27 
97 11 14 14 20 11 8 6 24 5 14 18 4 16 5 1 8 24 20 14 10 11 22 22 17 20 10 3 21 19 10 16 12 18 9 18 11 11 19 12 12 19 24 35 13 24 17 0 19 10 
98 23 34 8 21 31 21 26 25 22 34 12 24 36 21 19 26 25 5 6 30 12 3 13 18 29 18 23 23 6 15 36 18 26 11 19 12 12 19 11 32 14 13 36 6 17 3 19 0 30 
94 8 4 24 28 1 8 3 21 8 9 29 6 11 8 10 11 21 30 24 0 17 32 33 21 17 11 6 18 30 14 6 11 15 18 16 21 21 30 22 4 30 34 32 23 35 27 10 30 0 
0 
2 0 0 
2 1248 0 
1 4054 
2 2036 0 
4 0 0 0 0 
3 291 0 0 
0 
1 0 
1 8237 
4 4665 0 238 0 
0 
1 4915 
3 150 0 0 
1 0 
4 1679 0 487 0 
2 0 7389 
1 0 
2 0 0 
3 0 620 0 
2 0 0 
1 0 
3 0 0 0 
5 0 0 0 0 0 
1 0 
1 0 
2 0 3833 
4 0 0 0 11123 
6 56 0 0 0 0 0 
0 
1 0 
3 960 0 0 
1 481 
2 0 8884 
3 0 0 0 
3 0 0 0 
1 0 
3 0 1427 2401 
0 
3 0 0 0 
2 42 842 
1 0 
5 0 0 0 0 0 
0 
2 0 0 
1 0 
1 0 
7 0 0 0 866 0 0 0 
3 3140 5887 0 
3 1659 1265 0 

0 
2 5568 13966 
2 8642 5444 
1 14585 
2 8380 4090 
4 3169 9647 8720 4450 
3 10314 9942 5032 
0 
1 4418 
1 24330 
4 20254 9707 6005 5915 
0 
1 13068 
3 7081 7919 1783 
1 5893 
4 7456 13066 9350 8118 
2 2030 19877 
1 9839 
2 6339 1400 
3 6411 9315 9094 
2 3171 2426 
1 8531 
3 6589 4517 8068 
5 6936 12424 5652 4410 3022 
1 3054 
1 5967 
2 9826 11242 
4 7899 5854 7339 24267 
6 8190 11047 4316 3740 8094 7369 
0 
1 7568 
3 11498 4489 6160 
1 10670 
2 7043 17304 
3 8422 4793 5192 
3 5150 9843 10282 
1 6892 
3 4723 8472 9999 
0 
3 11062 5008 4457 
2 8662 8038 
1 5316 
5 11682 7314 8037 4091 4813 
0 
2 3293 3015 
1 4974 
1 8217 
7 6428 2670 4562 8391 8606 7431 3415 
3 12162 15639 4158 
3 11069 9824 2783 

5 15675 7280 6393 9187 9025 
5 5970 8365 7253 9454 10860 
5 8714 12395 9023 7042 7185 
4 6084 7450 7406 13437 
4 6534 9148 6867 5793 
6 8476 7528 6085 10466 15420 10240 
6 4598 8450 10100 11446 8211 10056 
5 8293 5323 7988 8380 6347 
4 9212 5302 5723 8518 
4 9988 16601 6364 9472 
5 7164 15990 7090 6515 7963 
6 12227 12951 5912 9838 6126 5749 
6 6196 10628 10554 12409 7057 11692 
6 9243 11021 8401 7248 9919 11470 
6 6853 4751 8611 9892 9938 6150 
5 9919 11454 10720 11576 9511 
6 7497 4959 6014 5271 7554 13398 
4 12157 7545 12935 6420 
5 5663 11094 11203 8480 16163 
6 3770 8727 10945 5580 6794 4164 
162 145 153 123 105 194 178 128 106 147 154 178 195 191 158 179 154 137 177 139 
1 1 1 1 1 1 1 1 1 1 1 1 1 1 1 1 1 1 1 1 1 1 1 1 1 1 1 1 1 1 1 1 1 1 1 1 1 1 1 1 1 1 1 1 1 1 1 1 1 1 
1 1 1 1 1 1 1 1 1 0 1 1 0 1 1 1 1 1 1 1 1 0 1 1 1 1 0 1 0 1 1 1 0 0 1 1 0 1 0 1 1 1 1 0 0 1 0 1 1 0 
1 1 1 1 1 1 1 1 1 1 1 1 1 1 1 1 1 1 1 1 1 1 1 1 1 1 1 1 1 1 1 1 1 1 1 1 1 1 1 1 1 1 1 1 1 1 1 1 1 1 
1 1 1 0 1 0 0 0 1 1 1 0 1 0 0 0 0 1 0 0 1 1 1 1 1 1 1 1 1 1 1 0 1 1 1 1 1 0 1 1 1 1 0 1 1 1 1 1 0 1 
1 1 1 1 1 1 1 1 1 1 1 1 1 1 1 1 1 1 1 1 1 1 1 1 1 1 1 1 1 1 1 1 1 1 1 1 1 1 1 1 1 1 1 1 1 1 1 1 1 1 
1 1 1 0 1 0 0 0 1 1 1 0 1 0 0 0 0 1 0 0 1 1 1 1 1 1 1 1 1 1 1 0 1 1 1 1 1 0 1 1 1 1 0 1 1 1 1 1 0 1 
1 1 1 1 1 1 1 1 1 0 1 1 0 1 1 1 1 1 1 1 1 0 1 1 1 1 0 1 0 1 1 1 0 0 1 1 0 1 0 1 1 1 1 0 0 1 0 1 1 0 
1 1 1 1 1 1 1 1 1 1 1 1 1 1 1 1 1 1 1 1 1 1 1 1 1 1 1 1 1 1 1 1 1 1 1 1 1 1 1 1 1 1 1 1 1 1 1 1 1 1 
1 1 1 1 1 1 1 1 1 1 1 1 1 1 1 1 1 1 1 1 1 1 1 1 1 1 1 1 1 1 1 1 1 1 1 1 1 1 1 1 1 1 1 1 1 1 1 1 1 1 
1 1 1 1 1 1 1 1 1 0 1 1 0 1 1 1 1 1 1 1 1 0 1 1 1 1 0 1 0 1 1 1 0 0 1 1 0 1 0 1 1 1 1 0 0 1 0 1 1 0 
1 1 1 1 1 1 1 1 1 1 1 1 1 1 1 1 1 1 1 1 1 1 1 1 1 1 1 1 1 1 1 1 1 1 1 1 1 1 1 1 1 1 1 1 1 1 1 1 1 1 
1 1 1 1 1 1 1 1 1 0 1 1 0 1 1 1 1 1 1 1 1 0 1 1 1 1 0 1 0 1 1 1 0 0 1 1 0 1 0 1 1 1 1 0 0 1 0 1 1 0 
1 1 1 1 1 1 1 1 1 0 1 1 0 1 1 1 1 1 1 1 1 0 1 1 1 1 0 1 0 1 1 1 0 0 1 1 0 1 0 1 1 1 1 0 0 1 0 1 1 0 
1 1 1 1 1 1 1 1 1 0 1 1 0 1 1 1 1 1 1 1 1 0 1 1 1 1 0 1 0 1 1 1 0 0 1 1 0 1 0 1 1 1 1 0 0 1 0 1 1 0 
1 1 1 0 1 0 0 0 1 1 1 0 1 0 0 0 0 1 0 0 1 1 1 1 1 1 1 1 1 1 1 0 1 1 1 1 1 0 1 1 1 1 0 1 1 1 1 1 0 1 
1 1 1 1 1 1 1 1 1 0 1 1 0 1 1 1 1 1 1 1 1 0 1 1 1 1 0 1 0 1 1 1 0 0 1 1 0 1 0 1 1 1 1 0 0 1 0 1 1 0 
1 1 1 1 1 1 1 1 1 0 1 1 0 1 1 1 1 1 1 1 1 0 1 1 1 1 0 1 0 1 1 1 0 0 1 1 0 1 0 1 1 1 1 0 0 1 0 1 1 0 
1 1 1 1 1 1 1 1 1 1 1 1 1 1 1 1 1 1 1 1 1 1 1 1 1 1 1 1 1 1 1 1 1 1 1 1 1 1 1 1 1 1 1 1 1 1 1 1 1 1 
1 1 1 1 1 1 1 1 1 0 1 1 0 1 1 1 1 1 1 1 1 0 1 1 1 1 0 1 0 1 1 1 0 0 1 1 0 1 0 1 1 1 1 0 0 1 0 1 1 0 
1 1 1 1 1 1 1 1 1 1 1 1 1 1 1 1 1 1 1 1 1 1 1 1 1 1 1 1 1 1 1 1 1 1 1 1 1 1 1 1 1 1 1 1 1 1 1 1 1 1 
