120 720 40
0 93 77 85 80 93 81 102 70 74 95 77 104 100 75 115 91 87 103 104 94 90 90 85 98 77 107 78 80 84 88 87 84 67 107 84 84 88 108 100 83 79 107 75 67 64 93 75 118 73 82 98 100 105 88 84 102 98 106 82 87 89 101 82 74 69 102 81 97 85 96 89 83 87 92 109 70 81 97 65 72 98 75 82 85 87 108 91 116 85 97 92 88 105 84 94 93 90 107 79 106 80 105 84 75 84 98 90 100 80 104 96 79 74 87 73 81 68 104 83 
93 0 16 25 13 8 12 10 23 19 27 22 10 20 18 21 20 6 9 10 9 3 13 8 6 16 19 15 15 14 11 21 28 26 13 10 20 22 14 6 28 14 13 18 26 29 32 18 24 20 23 10 8 14 30 30 24 11 17 11 10 4 10 11 19 24 18 18 22 8 6 31 24 29 20 15 23 26 9 28 21 11 18 23 23 21 14 11 22 9 4 20 18 12 12 18 6 24 13 17 12 27 14 24 18 18 9 3 6 13 10 5 15 19 6 20 12 25 10 26 
77 16 0 31 15 15 6 25 12 18 33 28 27 26 5 38 14 10 26 26 17 13 12 8 21 21 29 12 21 20 11 27 34 18 29 7 26 29 30 23 34 2 30 2 10 13 38 2 40 22 29 21 22 27 37 36 30 20 29 9 10 12 24 4 11 8 25 24 29 8 18 38 30 36 15 32 7 32 20 17 17 21 6 30 29 27 30 14 39 15 20 26 24 28 18 17 16 30 30 24 29 33 27 31 18 24 20 13 22 3 27 18 22 11 9 3 18 12 27 33 
85 25 31 0 15 33 24 35 18 13 9 8 33 15 26 30 45 24 28 18 35 23 39 33 31 9 21 19 9 11 36 3 3 18 27 35 5 3 26 24 3 33 27 29 24 21 7 33 32 12 3 35 16 19 5 5 16 36 21 22 35 20 35 33 19 23 17 7 12 29 31 6 2 4 45 25 24 3 16 20 13 36 25 2 1 4 22 36 30 16 20 6 7 22 12 43 18 4 22 7 21 5 19 1 12 7 34 24 21 31 28 30 9 19 32 31 13 18 19 2 
80 13 15 15 0 17 9 21 10 6 17 12 24 19 10 35 30 8 23 23 19 10 23 18 18 5 26 3 5 4 21 12 18 13 26 19 10 13 27 20 18 17 27 13 13 16 22 18 37 7 13 19 19 24 21 21 21 21 25 6 19 9 20 17 6 11 21 8 16 14 16 22 15 20 30 28 9 16 16 15 7 20 9 14 13 11 27 21 35 4 17 11 8 25 3 28 12 14 27 8 26 17 24 15 4 8 18 9 19 15 24 15 6 6 16 16 2 12 24 17 
93 8 15 33 17 0 11 9 22 19 35 30 11 28 18 22 12 9 10 18 1 9 5 7 5 23 27 14 23 22 4 29 36 25 14 8 28 30 15 9 36 13 14 18 25 28 40 17 25 24 31 5 16 22 39 38 32 5 25 10 5 12 8 10 18 23 27 26 30 7 3 39 32 37 12 16 22 34 17 27 20 5 17 31 31 29 15 3 23 17 12 28 26 12 20 10 14 32 14 25 17 35 22 33 20 26 5 9 12 12 11 3 24 18 6 19 20 24 14 34 
81 12 6 24 9 11 0 20 11 11 26 21 22 19 6 33 21 6 21 22 12 9 14 9 16 14 25 5 14 13 12 21 27 14 25 10 19 22 26 18 27 8 25 6 14 17 31 9 36 15 22 16 18 23 30 30 24 16 24 2 10 7 19 8 7 12 20 17 22 5 14 31 24 29 21 27 11 25 15 16 10 16 6 23 22 20 26 12 34 8 15 19 17 24 11 19 11 23 25 17 24 26 23 24 12 17 16 8 18 6 22 14 15 7 7 8 11 13 22 26 
102 10 25 35 21 9 20 0 32 28 37 33 2 30 27 15 11 14 7 21 7 12 12 16 3 25 29 24 25 24 13 32 39 35 8 17 30 33 9 11 39 22 8 27 35 38 42 27 18 29 33 3 19 24 41 41 35 4 27 20 14 15 1 20 28 33 29 28 33 16 6 42 35 40 10 9 31 36 19 37 29 4 26 34 33 31 18 10 20 19 15 30 28 13 22 8 16 34 15 28 19 37 24 35 26 28 4 12 14 21 6 6 26 28 15 29 22 34 17 37 
70 23 12 18 10 22 11 32 0 5 24 16 34 30 7 45 27 17 33 33 24 20 20 15 28 9 36 8 10 14 18 17 22 5 36 16 13 18 38 30 22 14 37 10 5 6 25 14 48 9 16 28 30 35 24 24 32 27 36 12 17 19 31 14 3 4 32 11 27 15 26 25 18 23 27 39 5 19 27 5 5 28 6 17 17 17 37 21 46 15 27 22 18 35 14 24 23 19 37 11 36 21 35 18 6 14 27 20 30 12 34 25 9 3 16 12 11 1 34 20 
74 19 18 13 6 19 11 28 5 0 20 10 30 26 12 41 32 13 29 29 21 16 25 20 24 3 32 5 6 10 23 13 16 6 32 21 9 14 33 26 16 19 33 15 10 10 20 20 43 4 11 24 25 30 19 18 27 23 32 9 21 15 27 19 6 9 28 6 23 16 21 20 12 18 32 35 10 14 23 9 1 24 11 12 11 13 33 23 42 11 23 18 14 31 10 30 19 15 33 6 32 15 30 13 1 9 23 16 25 17 30 21 4 6 18 18 6 6 30 15 
95 27 33 9 17 35 26 37 24 20 0 17 34 6 27 21 47 25 30 16 36 25 40 35 33 17 12 21 14 12 38 7 10 27 29 37 11 6 28 26 11 35 29 30 27 30 5 35 23 21 12 37 18 12 6 10 7 38 11 24 37 22 37 35 21 25 8 13 4 31 33 6 12 8 47 27 26 13 18 30 22 38 27 12 9 7 19 38 21 18 22 6 9 24 14 45 20 5 21 15 17 14 12 11 19 10 36 26 23 33 30 32 15 21 33 33 15 26 20 11 
77 22 28 8 12 30 21 33 16 10 17 0 30 23 23 38 43 21 26 26 32 20 36 31 29 7 29 16 7 8 34 10 7 10 29 32 6 11 30 23 6 30 30 26 21 17 15 30 40 6 4 32 22 27 10 8 24 33 29 19 32 17 33 30 17 20 25 4 20 27 29 11 5 9 43 32 21 4 20 12 11 33 22 5 8 10 30 34 39 13 20 15 11 28 10 41 16 12 30 4 29 4 27 6 9 6 31 21 22 28 27 28 6 17 29 29 10 16 27 6 
104 10 27 33 24 11 22 2 34 30 34 30 0 28 29 12 13 16 4 18 9 13 14 18 6 27 27 26 24 21 15 29 36 37 5 19 27 30 6 8 36 24 5 29 37 40 39 29 15 31 30 6 16 22 38 38 32 6 25 22 16 15 3 22 30 35 26 25 30 18 8 39 32 37 12 7 33 33 16 39 31 6 28 31 31 28 15 12 17 19 12 27 25 10 20 10 14 32 13 25 17 35 22 32 28 25 6 14 11 24 4 8 25 30 17 31 23 36 14 34 
100 20 26 15 19 28 19 30 30 26 6 23 28 0 25 15 41 19 23 9 30 18 34 29 27 23 6 22 20 15 32 12 15 33 22 30 16 12 21 19 17 28 22 25 33 36 11 28 17 27 18 30 11 6 12 16 4 31 6 18 30 15 30 28 26 30 2 19 3 24 27 11 17 13 41 21 29 18 11 35 27 31 24 17 15 12 12 32 15 15 15 8 12 17 15 39 14 10 15 20 11 20 6 16 24 16 29 19 16 26 24 26 21 26 27 27 19 32 13 17 
75 18 5 26 10 18 6 27 7 12 27 23 29 25 0 40 19 12 28 29 19 15 15 10 23 16 32 6 16 15 13 22 29 12 32 9 21 23 33 25 29 7 32 3 7 10 33 7 43 17 24 23 25 30 31 31 27 23 31 7 12 14 26 7 6 5 27 18 23 10 21 32 25 30 19 34 4 27 22 11 12 23 0 24 24 21 33 16 41 10 22 21 18 30 13 19 18 25 32 18 31 28 30 25 13 18 23 15 25 5 29 21 16 6 12 5 12 7 29 27 
115 21 38 30 35 22 33 15 45 41 21 38 12 15 40 0 25 27 12 11 21 24 25 30 17 38 14 37 35 31 27 27 31 48 8 30 31 27 7 15 32 36 8 40 48 51 27 40 2 42 33 17 15 10 27 31 19 17 12 33 27 26 15 33 41 46 13 34 18 30 19 26 32 28 25 6 45 34 18 50 42 17 39 33 30 27 7 24 4 30 18 23 27 9 31 23 22 25 8 36 9 35 10 31 39 31 17 25 15 35 11 19 36 41 28 42 34 47 11 32 
91 20 14 45 30 12 21 11 27 32 47 43 13 41 19 25 0 21 17 31 10 22 6 12 14 36 39 26 36 34 9 42 49 32 18 10 40 43 19 21 49 12 18 16 24 27 52 15 28 36 43 10 29 35 51 51 45 9 38 23 10 25 10 12 26 22 39 38 43 16 14 52 45 50 1 20 21 46 29 31 32 9 20 44 44 41 28 9 30 29 25 40 38 23 33 3 27 45 26 38 30 48 35 45 33 38 11 21 24 14 17 15 36 26 13 17 32 27 27 47 
87 6 10 24 8 9 6 14 17 13 25 21 16 19 12 27 21 0 15 16 11 3 15 9 10 14 19 9 14 12 12 20 27 20 19 11 18 21 20 12 27 9 19 12 20 23 30 12 30 15 21 11 12 17 29 29 23 12 18 5 11 3 13 9 13 18 17 16 21 5 8 30 23 28 21 21 17 24 9 22 15 12 12 22 22 19 20 12 28 7 9 18 16 18 11 19 5 23 19 16 18 26 17 23 12 16 10 2 12 7 16 8 14 13 8 14 10 19 16 25 
103 9 26 28 23 10 21 7 33 29 30 26 4 23 28 12 17 15 0 14 9 12 13 18 5 26 22 25 23 19 15 24 31 36 3 18 23 26 4 4 31 24 3 28 36 39 35 28 14 30 26 6 12 17 34 33 27 8 20 21 15 14 7 21 29 34 22 22 26 18 7 35 27 33 17 5 33 29 12 38 30 7 27 27 26 24 10 12 13 18 7 23 21 6 19 15 10 27 8 24 12 30 17 28 27 21 5 13 7 23 0 7 24 29 16 30 22 35 9 30 
104 10 26 18 23 18 22 21 33 29 16 26 18 9 29 11 31 16 14 0 20 13 24 19 17 26 8 25 23 19 22 16 19 36 13 21 20 15 12 9 20 24 13 29 36 39 21 28 14 30 21 21 3 3 20 19 13 22 6 21 21 14 21 21 30 34 8 22 12 18 17 21 21 18 31 11 33 22 6 39 31 21 28 21 18 16 3 22 12 18 6 11 15 7 19 29 10 14 5 24 2 23 3 20 28 19 19 13 6 23 14 16 24 30 17 30 22 35 4 20 
94 9 17 35 19 1 12 7 24 21 36 32 9 30 19 21 10 11 9 20 0 11 4 9 3 25 29 16 25 24 6 31 38 27 12 9 30 32 13 10 38 15 12 19 27 30 42 19 23 26 33 3 18 24 40 40 34 3 27 12 6 14 6 12 20 25 28 27 32 9 3 41 34 39 10 14 24 36 18 29 21 3 18 33 33 30 17 3 21 18 14 30 27 12 22 8 16 34 15 27 19 37 24 34 22 27 3 10 13 14 9 4 25 20 7 21 21 26 16 36 
90 3 13 23 10 9 9 12 20 16 25 20 13 18 15 24 22 3 12 13 11 0 15 10 8 13 17 12 13 12 13 19 26 23 16 12 18 21 17 9 26 11 16 15 23 26 30 15 27 17 21 12 9 14 29 28 22 13 15 8 12 3 12 9 16 21 17 16 21 6 8 30 22 27 22 18 20 24 7 25 18 12 15 21 21 19 17 13 25 7 6 18 16 15 10 20 4 22 16 15 15 25 14 23 15 16 10 0 9 10 13 7 14 16 8 17 10 22 13 24 
90 13 12 39 23 5 14 12 20 25 40 36 14 34 15 25 6 15 13 24 4 15 0 5 8 29 33 19 29 27 2 35 42 25 16 5 33 36 18 14 42 10 17 15 23 26 45 15 27 30 36 8 22 28 44 44 38 7 31 16 3 18 11 8 19 20 32 31 36 9 7 45 38 43 6 19 19 39 22 25 25 8 14 37 37 34 21 2 26 22 18 33 31 16 26 4 20 38 19 31 23 41 28 38 26 31 7 14 17 9 14 8 29 19 6 16 25 21 20 40 
85 8 8 33 18 7 9 16 15 20 35 31 18 29 10 30 12 9 18 19 9 10 5 0 12 24 27 14 24 22 3 30 37 20 21 1 28 31 22 15 37 6 21 10 18 21 40 10 32 24 31 12 17 23 39 39 33 12 26 11 2 13 15 3 14 16 27 26 31 4 10 40 33 38 12 23 15 34 17 20 20 12 9 32 32 29 22 6 30 17 13 28 26 20 21 9 15 33 21 26 21 36 23 33 21 26 12 9 14 5 18 10 24 14 1 12 20 17 18 35 
98 6 21 31 18 5 16 3 28 24 33 29 6 27 23 17 14 10 5 17 3 8 8 12 0 21 25 20 21 20 9 28 35 31 8 13 26 29 9 7 35 18 9 23 31 34 38 23 19 25 29 3 15 21 37 37 31 4 24 16 10 11 3 16 24 29 25 24 29 12 2 38 31 36 14 10 27 32 15 33 25 4 22 30 30 27 14 6 17 15 11 26 24 9 18 12 12 30 12 24 15 33 21 31 22 24 2 8 10 18 6 2 22 24 11 25 18 30 13 33 
77 16 21 9 5 23 14 25 9 3 17 7 27 23 16 38 36 14 26 26 25 13 29 24 21 0 29 9 3 7 27 10 13 9 29 25 6 11 30 23 13 23 30 19 14 13 16 23 40 3 7 25 22 27 15 15 24 26 29 12 25 12 25 23 9 13 25 3 20 19 21 16 9 14 36 32 14 10 20 12 4 26 15 8 8 10 30 27 39 8 20 15 11 28 7 33 16 12 30 2 29 12 27 9 2 6 24 14 22 21 27 21 1 9 22 21 3 9 27 11 
107 19 29 21 26 27 25 29 36 32 12 29 27 6 32 14 39 19 22 8 29 17 33 27 25 29 0 28 26 22 30 19 22 39 21 29 23 18 20 18 23 27 21 32 39 42 14 31 11 33 24 29 10 4 18 22 5 30 1 24 29 17 29 27 33 37 4 25 9 23 25 18 24 20 39 19 36 25 10 42 34 30 31 24 21 19 11 30 9 21 14 14 18 16 22 37 13 17 13 27 9 26 4 23 31 22 28 18 15 26 22 24 27 33 26 33 25 38 12 23 
78 15 12 19 3 14 5 24 8 5 21 16 26 22 6 37 26 9 25 25 16 12 19 14 20 9 28 0 9 8 17 15 22 10 28 16 14 16 30 22 22 14 29 9 11 14 26 14 39 10 17 20 21 27 24 24 24 19 28 3 16 11 23 14 4 8 24 12 19 10 18 25 18 23 26 31 7 20 19 13 5 20 6 17 17 15 29 17 38 7 19 14 12 27 6 24 15 18 29 11 28 21 27 18 6 12 19 12 21 12 26 17 9 4 12 12 6 9 26 20 
80 15 21 9 5 23 14 25 10 6 14 7 24 20 16 35 36 14 23 23 25 13 29 24 21 3 26 9 0 4 27 7 13 12 26 25 4 8 27 20 13 23 27 19 14 16 16 23 37 6 7 25 19 24 15 15 21 26 26 12 25 10 25 23 9 13 22 2 17 19 21 16 9 14 36 29 14 10 17 15 7 26 15 8 8 7 27 27 36 6 17 12 8 25 4 33 13 9 27 2 26 12 24 9 4 3 24 14 19 21 24 21 1 9 22 21 3 12 24 11 
84 14 20 11 4 22 13 24 14 10 12 8 21 15 15 31 34 12 19 19 24 12 27 22 20 7 22 8 4 0 25 7 14 17 22 24 6 8 23 16 14 22 23 18 17 20 18 22 33 11 9 24 15 20 16 16 17 25 21 11 24 9 24 22 10 15 18 3 12 18 20 17 10 15 34 24 13 12 12 19 11 25 14 9 9 6 23 25 31 5 13 7 3 21 1 32 9 10 23 4 22 13 20 10 8 3 23 13 15 20 20 19 5 10 21 20 3 16 20 12 
88 11 11 36 21 4 12 13 18 23 38 34 15 32 13 27 9 12 15 22 6 13 2 3 9 27 30 17 27 25 0 33 40 23 18 3 31 34 19 12 40 9 18 13 21 24 43 13 29 27 34 9 20 26 42 42 36 9 29 14 1 16 12 6 17 19 30 29 34 7 7 43 36 41 9 20 18 37 20 23 23 9 12 35 35 32 19 3 27 20 16 31 29 17 24 6 18 36 18 29 21 39 26 36 24 29 9 12 15 8 15 7 27 17 4 15 23 20 18 38 
87 21 27 3 12 29 21 32 17 13 7 10 29 12 22 27 42 20 24 16 31 19 35 30 28 10 19 15 7 7 33 0 6 20 24 31 3 1 22 20 6 29 24 25 20 23 10 30 30 14 5 31 12 17 9 9 14 33 18 18 31 16 32 29 16 19 14 6 9 26 28 10 4 8 42 22 20 6 12 22 15 32 21 5 2 0 20 33 28 12 17 4 3 18 9 40 15 2 19 8 18 7 17 3 12 3 30 20 17 27 25 27 8 16 28 28 9 19 16 5 
84 28 34 3 18 36 27 39 22 16 10 7 36 15 29 31 49 27 31 19 38 26 42 37 35 13 22 22 13 14 40 6 0 17 30 38 8 5 29 27 1 36 30 32 27 23 8 36 33 12 5 38 19 20 3 2 17 39 21 25 38 23 39 36 23 26 18 10 12 33 35 4 3 2 49 29 27 3 19 19 17 39 28 4 5 7 23 40 31 19 24 8 10 25 16 47 22 5 23 10 22 4 20 3 15 10 37 27 24 34 32 34 12 23 35 35 16 22 21 1 
67 26 18 18 13 25 14 35 5 6 27 10 37 33 12 48 32 20 36 36 27 23 25 20 31 9 39 10 12 17 23 20 17 0 39 22 16 21 40 33 16 20 40 15 11 6 25 20 50 6 14 31 32 37 20 18 34 30 39 14 22 22 33 20 6 9 35 13 30 18 28 21 15 19 32 42 11 14 30 2 5 30 12 15 18 20 40 24 48 18 30 24 21 38 17 30 26 22 40 12 39 15 37 16 8 16 30 23 32 18 37 28 11 6 19 18 13 5 37 15 
107 13 29 27 26 14 25 8 36 32 29 29 5 22 32 8 18 19 3 13 12 16 16 21 8 29 21 28 26 22 18 24 30 39 0 22 23 25 1 6 30 27 0 32 39 42 34 31 11 33 25 8 11 16 33 33 27 9 19 24 19 17 8 24 33 37 21 25 25 21 10 34 27 32 18 2 36 28 11 42 34 8 31 26 25 23 9 15 12 21 9 22 20 5 22 16 13 26 7 27 11 29 16 27 31 22 9 16 6 26 2 11 27 33 20 33 25 38 9 29 
84 10 7 35 19 8 10 17 16 21 37 32 19 30 9 30 10 11 18 21 9 12 5 1 13 25 29 16 25 24 3 31 38 22 22 0 30 33 23 15 38 5 22 9 17 20 42 9 33 26 33 13 18 24 41 40 34 13 27 12 3 15 16 2 15 15 29 28 33 5 11 42 34 39 10 24 14 36 19 21 21 13 10 33 33 31 23 6 31 19 14 30 28 21 22 9 16 34 22 27 21 37 24 35 22 28 13 11 15 4 19 11 26 15 3 11 22 16 19 36 
84 20 26 5 10 28 19 30 13 9 11 6 27 16 21 31 40 18 23 20 30 18 33 28 26 6 23 14 4 6 31 3 8 16 23 30 0 4 24 19 8 28 23 24 19 19 12 28 34 10 3 30 16 21 10 10 18 31 22 17 30 15 30 28 14 18 18 2 13 24 26 11 4 9 40 25 19 6 13 18 11 31 20 3 3 3 24 31 32 11 15 8 4 21 7 38 13 6 23 4 22 7 21 4 8 2 29 19 16 26 23 25 4 14 27 26 8 15 20 6 
88 22 29 3 13 30 22 33 18 14 6 11 30 12 23 27 43 21 26 15 32 21 36 31 29 11 18 16 8 8 34 1 5 21 25 33 4 0 24 21 5 30 25 26 21 24 9 31 29 15 6 33 14 16 8 7 13 34 18 20 33 18 33 30 17 20 14 7 9 27 29 9 5 6 43 23 21 6 13 23 15 33 22 5 3 1 19 34 27 13 18 3 4 19 10 41 16 1 19 8 18 8 16 4 12 4 31 21 18 28 26 28 9 17 29 29 10 20 16 5 
108 14 30 26 27 15 26 9 38 33 28 30 6 21 33 7 19 20 4 12 13 17 18 22 9 30 20 30 27 23 19 22 29 40 1 23 24 24 0 7 29 28 1 33 41 44 33 33 9 34 26 9 9 15 32 31 25 10 18 26 20 18 9 26 34 38 20 27 24 22 12 33 25 30 19 1 37 27 10 43 35 9 32 25 24 22 8 16 11 22 10 21 19 4 23 17 14 25 6 28 10 28 15 26 32 24 10 17 8 27 3 12 29 34 21 34 27 39 7 27 
100 6 23 24 20 9 18 11 30 26 26 23 8 19 25 15 21 12 4 9 10 9 14 15 7 23 18 22 20 16 12 20 27 33 6 15 19 21 7 0 27 21 6 25 33 36 31 25 17 27 22 11 7 13 30 29 23 12 16 18 12 11 11 18 26 31 18 19 21 15 7 30 23 28 21 8 30 25 8 35 27 12 24 22 22 20 7 12 15 15 3 19 17 5 16 19 7 23 6 21 8 26 13 24 24 17 9 10 3 20 4 6 21 26 13 27 19 32 5 25 
83 28 34 3 18 36 27 39 22 16 11 6 36 17 29 32 49 27 31 20 38 26 42 37 35 13 23 22 13 14 40 6 1 16 30 38 8 5 29 27 0 36 30 32 27 23 9 36 34 12 5 38 19 21 4 2 18 39 23 25 38 23 39 36 23 26 19 10 14 33 35 5 3 3 49 29 27 2 19 18 17 39 28 4 5 7 24 40 33 19 24 9 10 25 16 47 22 6 24 10 23 3 21 3 15 10 37 27 24 34 32 34 12 23 35 35 16 22 21 1 
79 14 2 33 17 13 8 22 14 19 35 30 24 28 7 36 12 9 24 24 15 11 10 6 18 23 27 14 23 22 9 29 36 20 27 5 28 30 28 21 36 0 27 4 12 15 40 4 38 24 31 18 20 25 39 38 32 18 26 10 8 12 21 2 13 10 27 26 30 6 16 39 32 37 12 29 9 34 17 18 19 18 8 31 31 29 28 12 36 17 18 28 26 26 20 14 14 32 27 25 27 35 25 33 20 26 18 10 20 2 24 16 24 13 7 6 20 14 24 34 
107 13 30 27 27 14 25 8 37 33 29 30 5 22 32 8 18 19 3 13 12 16 17 21 9 30 21 29 27 23 18 24 30 40 0 22 23 25 1 6 30 27 0 32 40 43 34 32 10 34 25 9 11 16 33 33 27 9 19 25 19 18 8 25 33 38 21 26 25 21 11 34 27 32 18 1 36 28 11 42 34 9 31 26 25 23 9 15 12 22 9 22 20 5 23 16 14 26 7 27 11 29 16 27 31 23 9 17 7 27 3 11 28 33 20 34 26 39 9 29 
75 18 2 29 13 18 6 27 10 15 30 26 29 25 3 40 16 12 28 29 19 15 15 10 23 19 32 9 19 18 13 25 32 15 32 9 24 26 33 25 32 4 32 0 7 10 36 4 43 20 27 23 25 30 34 34 28 23 31 7 12 14 26 7 9 6 27 21 26 10 21 35 28 33 17 34 4 30 22 14 15 23 3 27 27 24 33 16 41 12 22 24 21 30 16 19 18 28 32 21 31 31 30 28 16 21 23 15 25 5 29 21 19 9 12 2 15 10 29 30 
67 26 10 24 13 25 14 35 5 10 27 21 37 33 7 48 24 20 36 36 27 23 23 18 31 14 39 11 14 17 21 20 27 11 39 17 19 21 41 33 27 12 40 7 0 4 31 9 51 15 22 31 33 38 30 29 35 30 39 15 20 22 34 15 6 2 35 17 30 18 29 30 23 28 25 42 3 25 30 9 10 31 8 22 22 20 40 24 49 18 30 25 21 38 17 27 26 23 40 16 39 26 38 24 11 17 30 23 33 13 37 28 15 6 19 7 14 5 37 25 
64 29 13 21 16 28 17 38 6 10 30 17 40 36 10 51 27 23 39 39 30 26 26 21 34 13 42 14 16 20 24 23 23 6 42 20 19 24 44 36 23 15 43 10 4 0 28 13 54 11 18 34 36 41 25 25 38 33 42 18 23 25 37 18 9 5 38 17 33 21 32 26 19 24 28 45 6 21 33 5 8 34 11 18 21 23 43 27 52 21 33 28 24 41 20 30 29 25 43 15 42 22 41 19 11 20 33 26 36 16 40 31 15 9 22 11 17 4 40 21 
93 32 38 7 22 40 31 42 25 20 5 15 39 11 33 27 52 30 35 21 42 30 45 40 38 16 14 26 16 18 43 10 8 25 34 42 12 9 33 31 9 40 34 36 31 28 0 40 25 19 10 42 23 17 4 8 9 43 14 29 42 27 42 40 26 30 13 14 9 36 38 3 9 6 52 32 31 11 23 27 20 43 32 10 8 11 24 43 23 23 27 12 14 29 19 50 25 7 26 14 22 12 17 9 19 14 41 31 28 38 35 37 16 26 39 38 20 25 25 9 
75 18 2 33 18 17 9 27 14 20 35 30 29 28 7 40 15 12 28 28 19 15 15 10 23 23 31 14 23 22 13 30 36 20 31 9 28 31 33 25 36 4 32 4 9 13 40 0 42 24 31 23 24 30 39 39 33 22 31 11 12 14 26 6 13 10 27 26 31 10 21 40 33 38 17 34 9 34 22 19 19 23 8 32 31 29 32 16 41 17 22 28 26 30 20 19 18 32 32 26 31 35 30 33 21 26 22 15 24 5 29 20 24 13 11 1 20 14 29 35 
118 24 40 32 37 25 36 18 48 43 23 40 15 17 43 2 28 30 14 14 23 27 27 32 19 40 11 39 37 33 29 30 33 50 11 33 34 29 9 17 34 38 10 43 51 54 25 42 0 44 36 19 18 12 30 33 17 20 11 36 30 28 18 36 44 48 15 36 20 32 21 29 35 31 28 8 47 36 20 53 45 19 42 35 32 30 10 26 2 32 20 25 29 12 33 26 24 28 10 38 11 37 12 34 42 33 20 27 18 37 13 22 39 44 31 44 36 49 13 34 
73 20 22 12 7 24 15 29 9 4 21 6 31 27 17 42 36 15 30 30 26 17 30 24 25 3 33 10 6 11 27 14 12 6 33 26 10 15 34 27 12 24 34 20 15 11 19 24 44 0 8 26 26 31 14 14 28 27 33 13 26 16 27 24 10 14 29 7 24 20 22 15 9 13 36 36 15 9 24 8 4 27 16 9 12 14 34 27 42 12 24 18 15 32 11 34 20 16 34 6 33 11 31 10 3 10 25 17 26 22 31 22 5 10 23 22 7 9 31 10 
82 23 29 3 13 31 22 33 16 11 12 4 30 18 24 33 43 21 26 21 33 21 36 31 29 7 24 17 7 9 34 5 5 14 25 33 3 6 26 22 5 31 25 27 22 18 10 31 36 8 0 33 18 23 7 7 20 34 24 20 33 18 33 31 17 21 20 5 15 27 29 8 1 6 43 27 22 3 15 17 11 34 23 0 3 5 25 34 34 14 18 10 6 23 10 41 16 7 25 5 24 4 23 1 10 5 32 22 19 29 26 28 7 17 30 29 11 16 22 3 
98 10 21 35 19 5 16 3 28 24 37 32 6 30 23 17 10 11 6 21 3 12 8 12 3 25 29 20 25 24 9 31 38 31 8 13 30 33 9 11 38 18 9 23 31 34 42 23 19 26 33 0 18 24 41 40 34 1 27 16 10 15 2 16 24 29 29 28 33 12 3 42 34 39 10 10 27 36 19 33 25 0 22 33 33 31 17 6 20 19 14 30 28 13 22 8 16 34 15 27 19 37 24 35 22 28 1 11 14 18 6 4 26 24 11 25 22 30 16 36 
100 8 22 16 19 16 18 19 30 25 18 22 16 11 25 15 29 12 12 3 18 9 22 17 15 22 10 21 19 15 20 12 19 32 11 18 16 14 9 7 19 20 11 25 33 36 23 24 18 26 18 18 0 5 22 21 15 20 8 18 18 10 19 18 26 30 10 18 14 14 15 23 17 21 29 9 29 18 2 35 27 19 24 17 14 12 7 20 16 14 4 11 11 5 15 27 6 15 7 20 6 19 5 16 24 15 17 9 4 19 12 14 21 26 15 26 18 31 4 18 
105 14 27 19 24 22 23 24 35 30 12 27 22 6 30 10 35 17 17 3 24 14 28 23 21 27 4 27 24 20 26 17 20 37 16 24 21 16 15 13 21 25 16 30 38 41 17 30 12 31 23 24 5 0 17 21 10 25 3 23 24 15 24 23 31 35 4 24 8 19 21 17 22 18 35 15 34 23 7 40 32 25 29 22 19 17 6 26 11 19 9 12 16 11 20 33 11 15 9 25 5 24 0 21 29 21 23 14 10 24 18 20 26 31 21 31 24 36 7 21 
88 30 37 5 21 39 30 41 24 19 6 10 38 12 31 27 51 29 34 20 40 29 44 39 37 15 18 24 15 16 42 9 3 20 33 41 10 8 32 30 4 39 33 34 30 25 4 39 30 14 7 41 22 17 0 3 14 42 18 28 41 26 41 39 25 28 14 12 9 35 37 0 6 1 51 31 30 6 21 23 19 42 30 7 7 9 23 42 28 21 26 10 12 27 18 49 24 6 25 13 21 7 17 6 18 12 39 30 27 36 34 36 15 25 37 37 18 24 24 4 
84 30 36 5 21 38 30 41 24 18 10 8 38 16 31 31 51 29 33 19 40 28 44 39 37 15 22 24 15 16 42 9 2 18 33 40 10 7 31 29 2 38 33 34 29 25 8 39 33 14 7 40 21 21 3 0 18 42 22 27 40 25 41 38 25 28 18 12 13 35 37 4 6 2 51 31 29 4 21 19 19 41 30 6 7 9 23 42 32 21 26 10 12 27 18 49 24 6 25 12 22 3 21 5 18 12 39 29 26 36 34 36 14 25 37 37 18 24 24 3 
102 24 30 16 21 32 24 35 32 27 7 24 32 4 27 19 45 23 27 13 34 22 38 33 31 24 5 24 21 17 36 14 17 34 27 34 18 13 25 23 18 32 27 28 35 38 9 33 17 28 20 34 15 10 14 18 0 36 7 21 34 19 35 32 28 32 5 21 4 29 31 13 19 15 45 25 31 20 15 37 29 35 26 19 16 14 17 36 14 16 20 9 13 21 17 43 18 12 19 22 15 21 10 18 26 18 33 23 20 30 28 30 23 28 31 31 21 33 18 18 
98 11 20 36 21 5 16 4 27 23 38 33 6 31 23 17 9 12 8 22 3 13 7 12 4 26 30 19 26 25 9 33 39 30 9 13 31 34 10 12 39 18 9 23 30 33 43 22 20 27 34 1 20 25 42 42 36 0 28 15 10 16 3 15 24 28 30 29 34 12 4 43 36 41 9 11 27 37 20 33 25 0 22 35 34 32 18 6 21 20 15 31 29 14 23 7 17 35 16 29 20 38 25 36 24 29 2 12 15 17 7 5 27 24 11 24 23 29 18 38 
106 17 29 21 25 25 24 27 36 32 11 29 25 6 31 12 38 18 20 6 27 15 31 26 24 29 1 28 26 21 29 18 21 39 19 27 22 18 18 16 23 26 19 31 39 42 14 31 11 33 24 27 8 3 18 22 7 28 0 24 27 16 27 25 32 36 3 25 9 21 24 17 23 19 38 18 35 24 9 41 33 28 30 23 21 18 9 29 9 21 12 14 18 14 21 36 12 16 12 26 8 26 3 22 30 22 26 16 13 25 21 23 27 32 24 33 25 38 10 23 
82 11 9 22 6 10 2 20 12 9 24 19 22 18 7 33 23 5 21 21 12 8 16 11 16 12 24 3 12 11 14 18 25 14 24 12 17 20 26 18 25 10 25 7 15 18 29 11 36 13 20 16 18 23 28 27 21 15 24 0 12 7 19 10 8 12 20 15 20 7 14 29 21 27 23 27 11 23 15 17 9 16 6 21 20 18 25 14 34 6 15 17 15 23 9 21 11 21 25 15 24 24 23 22 9 15 15 8 18 8 22 13 13 8 9 9 9 13 22 24 
87 10 10 35 19 5 10 14 17 21 37 32 16 30 12 27 10 11 15 21 6 12 3 2 10 25 29 16 25 24 1 31 38 22 19 3 30 33 20 12 38 8 19 12 20 23 42 12 30 26 33 10 18 24 41 40 34 10 27 12 0 15 13 5 15 18 29 28 33 5 8 42 34 39 10 21 17 36 19 22 21 10 12 33 33 31 20 3 28 19 14 30 28 18 22 8 16 34 19 27 19 37 24 35 22 28 10 11 14 7 16 8 26 15 3 14 22 19 16 36 
89 4 12 20 9 12 7 15 19 15 22 17 15 15 14 26 25 3 14 14 14 3 18 13 11 12 17 11 10 9 16 16 23 22 17 15 15 18 18 11 23 12 18 14 22 25 27 14 28 16 18 15 10 15 26 25 19 16 16 7 15 0 15 12 15 20 14 13 18 9 11 27 19 24 25 19 18 21 7 24 16 15 13 18 18 16 18 16 26 4 8 15 13 16 7 23 3 19 18 12 17 22 15 20 13 13 13 3 10 10 15 10 11 15 11 16 8 21 15 21 
101 10 24 35 20 8 19 1 31 27 37 33 3 30 26 15 10 13 7 21 6 12 11 15 3 25 29 23 25 24 12 32 39 33 8 16 30 33 9 11 39 21 8 26 34 37 42 26 18 27 33 2 19 24 41 41 35 3 27 19 13 15 0 19 27 31 29 28 33 15 5 42 35 40 10 9 30 36 19 36 28 3 25 34 33 31 18 9 20 19 15 30 28 13 22 8 16 34 15 28 19 37 24 35 25 28 3 11 14 20 6 5 26 27 14 27 22 33 17 37 
82 11 4 33 17 10 8 20 14 19 35 30 22 28 7 33 12 9 21 21 12 9 8 3 16 23 27 14 23 22 6 29 36 20 24 2 28 30 26 18 36 2 25 7 15 18 40 6 36 24 31 16 18 23 39 38 32 15 25 10 5 12 19 0 13 12 27 26 30 3 14 39 32 37 12 27 11 34 17 18 19 16 8 31 31 29 25 9 34 17 15 28 26 23 20 12 14 32 25 25 24 35 23 33 20 26 15 9 18 2 22 13 24 13 4 8 20 14 22 34 
74 19 11 19 6 18 7 28 3 6 21 17 30 26 6 41 26 13 29 30 20 16 19 14 24 9 33 4 9 10 17 16 23 6 33 15 14 17 34 26 23 13 33 9 6 9 26 13 44 10 17 24 26 31 25 25 28 24 32 8 15 15 27 13 0 4 28 12 23 11 22 26 19 24 26 35 4 20 23 9 6 24 5 18 18 15 33 17 42 11 23 18 14 31 10 24 19 18 33 12 32 21 31 19 7 12 24 16 26 11 30 21 10 0 12 12 7 5 30 21 
69 24 8 23 11 23 12 33 4 9 25 20 35 30 5 46 22 18 34 34 25 21 20 16 29 13 37 8 13 15 19 19 26 9 37 15 18 20 38 31 26 10 38 6 2 5 30 10 48 14 21 29 30 35 28 28 32 28 36 12 18 20 31 12 4 0 33 15 27 16 26 29 22 27 22 39 1 24 27 8 9 28 6 21 21 18 38 22 46 15 28 22 18 36 15 24 24 22 38 15 37 25 35 22 10 15 28 21 30 11 35 26 13 4 17 8 11 4 35 24 
102 18 25 17 21 27 20 29 32 28 8 25 26 2 27 13 39 17 22 8 28 17 32 27 25 25 4 24 22 18 30 14 18 35 21 29 18 14 20 18 19 27 21 27 35 38 13 27 15 29 20 29 10 4 14 18 5 30 3 20 29 14 29 27 28 33 0 21 5 23 25 13 19 15 39 19 31 21 9 37 29 30 26 19 17 14 11 30 13 17 14 10 14 15 18 37 12 12 13 22 9 22 4 18 26 18 27 18 15 24 22 24 23 28 25 29 21 34 12 19 
81 18 24 7 8 26 17 28 11 6 13 4 25 19 18 34 38 16 22 22 27 16 31 26 24 3 25 12 2 3 29 6 10 13 25 28 2 7 27 19 10 26 26 21 17 17 14 26 36 7 5 28 18 24 12 12 21 29 25 15 28 13 28 26 12 15 21 0 16 22 24 13 6 11 38 28 17 8 16 16 8 29 18 5 5 6 26 29 35 9 16 11 7 24 5 36 12 8 26 1 25 9 24 6 5 3 27 17 18 24 23 23 2 12 24 24 6 12 23 8 
97 22 29 12 16 30 22 33 27 23 4 20 30 3 23 18 43 21 26 12 32 21 36 31 29 20 9 19 17 12 34 9 12 30 25 33 13 9 24 21 14 30 25 26 30 33 9 31 20 24 15 33 14 8 9 13 4 34 9 20 33 18 33 30 23 27 5 16 0 27 29 9 14 10 43 23 26 15 13 32 24 33 22 14 12 9 15 34 18 13 18 5 9 19 12 41 16 7 17 17 13 17 8 13 21 13 31 21 18 28 26 28 18 23 29 29 16 29 16 14 
85 8 8 29 14 7 5 16 15 16 31 27 18 24 10 30 16 5 18 18 9 6 9 4 12 19 23 10 19 18 7 26 33 18 21 5 24 27 22 15 33 6 21 10 18 21 36 10 32 20 27 12 14 19 35 35 29 12 21 7 5 9 15 3 11 16 23 22 27 0 10 36 29 34 16 23 15 30 13 20 15 12 9 28 27 25 22 7 30 13 12 24 22 20 16 14 10 28 21 22 21 31 19 29 17 22 12 5 14 5 18 10 20 11 2 12 16 17 18 31 
96 6 18 31 16 3 14 6 26 21 33 29 8 27 21 19 14 8 7 17 3 8 7 10 2 21 25 18 21 20 7 28 35 28 10 11 26 29 12 7 35 16 11 21 29 32 38 21 21 22 29 3 15 21 37 37 31 4 24 14 8 11 5 14 22 26 25 24 29 10 0 38 31 36 14 13 25 32 15 31 23 4 20 30 30 27 14 5 20 15 11 26 24 9 18 12 12 30 12 24 15 33 21 31 20 24 2 7 10 15 8 0 22 22 9 22 18 27 13 33 
89 31 38 6 22 39 31 42 25 20 6 11 39 11 32 26 52 30 35 21 41 30 45 40 38 16 18 25 16 17 43 10 4 21 34 42 11 9 33 30 5 39 34 35 30 26 3 40 29 15 8 42 23 17 0 4 13 43 17 29 42 27 42 39 26 29 13 13 9 36 38 0 7 2 52 32 30 7 22 24 20 42 31 8 8 10 24 43 27 22 27 11 13 28 19 50 25 7 26 14 22 8 17 6 19 13 40 30 27 37 35 37 15 26 38 38 19 25 25 5 
83 24 30 2 15 32 24 35 18 12 12 5 32 17 25 32 45 23 27 21 34 22 38 33 31 9 24 18 9 10 36 4 3 15 27 34 4 5 25 23 3 32 27 28 23 19 9 33 35 9 1 34 17 22 6 6 19 36 23 21 34 19 35 32 19 22 19 6 14 29 31 7 0 5 45 26 23 1 15 18 13 35 24 0 2 4 24 36 33 15 20 9 6 22 12 43 18 6 24 6 23 2 22 0 12 6 33 23 20 30 28 30 8 19 31 31 12 18 21 2 
87 29 36 4 20 37 29 40 23 18 8 9 37 13 30 28 50 28 33 18 39 27 43 38 36 14 20 23 14 15 41 8 2 19 32 39 9 6 30 28 3 37 32 33 28 24 6 38 31 13 6 39 21 18 1 2 15 41 19 27 39 24 40 37 24 27 15 11 10 34 36 2 5 0 50 30 28 5 20 21 18 40 29 6 6 8 22 41 29 20 25 9 11 26 17 48 23 5 24 12 20 6 18 4 17 11 38 28 25 35 33 35 13 24 36 36 17 23 23 3 
92 20 15 45 30 12 21 10 27 32 47 43 12 41 19 25 1 21 17 31 10 22 6 12 14 36 39 26 36 34 9 42 49 32 18 10 40 43 19 21 49 12 18 17 25 28 52 17 28 36 43 10 29 35 51 51 45 9 38 23 10 25 10 12 26 22 39 38 43 16 14 52 45 50 0 20 21 46 29 31 32 9 20 44 44 41 28 9 30 29 25 40 38 23 33 2 27 45 26 38 30 48 35 45 33 38 11 21 24 14 17 15 36 26 13 18 32 27 27 47 
109 15 32 25 28 16 27 9 39 35 27 32 7 21 34 6 20 21 5 11 14 18 19 23 10 32 19 31 29 24 20 22 29 42 2 24 25 23 1 8 29 29 1 34 42 45 32 34 8 36 27 10 9 15 31 31 25 11 18 27 21 19 9 27 35 39 19 28 23 23 13 32 26 30 20 0 38 27 12 44 36 11 33 26 24 21 8 17 10 24 11 20 21 3 24 18 15 24 6 29 9 29 15 25 33 25 11 18 9 28 4 13 30 35 22 36 28 41 7 27 
70 23 7 24 9 22 11 31 5 10 26 21 33 29 4 45 21 17 33 33 24 20 19 15 27 14 36 7 14 13 18 20 27 11 36 14 19 21 37 30 27 9 36 4 3 6 31 9 47 15 22 27 29 34 30 29 31 27 35 11 17 18 30 11 4 1 31 17 26 15 25 30 23 28 21 38 0 25 26 9 10 27 5 22 22 20 37 21 45 14 27 21 17 35 13 23 22 23 36 16 36 26 34 24 11 17 27 19 29 9 33 25 15 4 16 7 11 5 33 25 
81 26 32 3 16 34 25 36 19 14 13 4 33 18 27 34 46 24 29 22 36 24 39 34 32 10 25 20 10 12 37 6 3 14 28 36 6 6 27 25 2 34 28 30 25 21 11 34 36 9 3 36 18 23 6 4 20 37 24 23 36 21 36 34 20 24 21 8 15 30 32 7 1 5 46 27 25 0 17 16 14 37 26 2 3 6 26 37 34 17 21 10 8 24 13 44 19 8 26 8 25 1 23 2 13 8 35 25 22 32 29 31 10 20 33 32 14 19 23 1 
97 9 20 16 16 17 15 19 27 23 18 20 16 11 22 18 29 9 12 6 18 7 22 17 15 20 10 19 17 12 20 12 19 30 11 19 13 13 10 8 19 17 11 22 30 33 23 22 20 24 15 19 2 7 21 21 15 20 9 15 19 7 19 17 23 27 9 16 13 13 15 22 15 20 29 12 26 17 0 32 24 20 21 14 14 12 10 20 18 12 4 11 9 8 12 27 3 15 10 17 9 18 7 15 21 13 18 8 5 16 12 14 18 23 15 24 16 29 7 17 
65 28 17 20 15 27 16 37 5 9 30 12 39 35 11 50 31 22 38 39 29 25 25 20 33 12 42 13 15 19 23 22 19 2 42 21 18 23 43 35 18 18 42 14 9 5 27 19 53 8 17 33 35 40 23 19 37 33 41 17 22 24 36 18 9 8 37 16 32 20 31 24 18 21 31 44 9 16 32 0 7 33 10 17 20 22 42 26 51 20 32 27 23 40 19 29 28 24 42 14 41 16 40 18 10 19 33 25 35 16 39 30 14 9 21 17 16 4 39 18 
72 21 17 13 7 20 10 29 5 1 22 11 31 27 12 42 32 15 30 31 21 18 25 20 25 4 34 5 7 11 23 15 17 5 34 21 11 15 35 27 17 19 34 15 10 8 20 19 45 4 11 25 27 32 19 19 29 25 33 9 21 16 28 19 6 9 29 8 24 15 23 20 13 18 32 36 10 14 24 7 0 25 11 12 12 15 35 23 43 12 24 19 15 33 11 30 20 17 34 6 33 15 32 13 3 11 25 17 27 17 31 23 6 6 18 18 8 5 31 15 
98 11 21 36 20 5 16 4 28 24 38 33 6 31 23 17 9 12 7 21 3 12 8 12 4 26 30 20 26 25 9 32 39 30 8 13 31 33 9 12 39 18 9 23 31 34 43 23 19 27 34 0 19 25 42 41 35 0 28 16 10 15 3 16 24 28 30 29 33 12 4 42 35 40 9 11 27 37 20 33 25 0 22 34 34 32 18 6 21 20 15 31 29 14 23 7 17 35 16 28 20 38 25 36 23 29 2 12 15 17 7 5 27 24 11 24 23 30 17 37 
75 18 6 25 9 17 6 26 6 11 27 22 28 24 0 39 20 12 27 28 18 15 14 9 22 15 31 6 15 14 12 21 28 12 31 10 20 22 32 24 28 8 31 3 8 11 32 8 42 16 23 22 24 29 30 30 26 22 30 6 12 13 25 8 5 6 26 18 22 9 20 31 24 29 20 33 5 26 21 10 11 22 0 23 23 21 32 15 40 9 21 20 18 30 12 18 17 24 31 17 30 27 29 24 12 18 22 14 24 6 28 20 15 5 11 6 12 7 28 26 
82 23 30 2 14 31 23 34 17 12 12 5 31 17 24 33 44 22 27 21 33 21 37 32 30 8 24 17 8 9 35 5 4 15 26 33 3 5 25 22 4 31 26 27 22 18 10 32 35 9 0 33 17 22 7 6 19 35 23 21 33 18 34 31 18 21 19 5 14 28 30 8 0 6 44 26 22 2 14 17 12 34 23 0 2 5 25 35 33 14 19 9 5 23 11 42 17 7 24 6 24 3 22 1 11 5 32 22 19 29 27 29 7 18 30 30 11 17 21 3 
85 23 29 1 13 31 22 33 17 11 9 8 31 15 24 30 44 22 26 18 33 21 37 32 30 8 21 17 8 9 35 2 5 18 25 33 3 3 24 22 5 31 25 27 22 21 8 31 32 12 3 33 14 19 7 7 16 34 21 20 33 18 33 31 18 21 17 5 12 27 30 8 2 6 44 24 22 3 14 20 12 34 23 2 0 2 22 35 30 14 18 6 5 20 11 42 17 4 22 5 21 5 19 1 10 5 32 22 19 29 27 29 7 18 30 30 11 17 19 3 
87 21 27 4 11 29 20 31 17 13 7 10 28 12 21 27 41 19 24 16 30 19 34 29 27 10 19 15 7 6 32 0 7 20 23 31 3 1 22 20 7 29 23 24 20 23 11 29 30 14 5 31 12 17 9 9 14 32 18 18 31 16 31 29 15 18 14 6 9 25 27 10 4 8 41 21 20 6 12 22 15 32 21 5 2 0 20 32 28 12 16 4 3 18 8 39 14 3 19 8 18 7 17 3 12 3 30 20 17 27 24 26 8 15 27 27 9 19 16 5 
108 14 30 22 27 15 26 18 37 33 19 30 15 12 33 7 28 20 10 3 17 17 21 22 14 30 11 29 27 23 19 20 23 40 9 23 24 19 8 7 24 28 9 33 40 43 24 32 10 34 25 17 7 6 23 23 17 18 9 25 20 18 18 25 33 38 11 26 15 22 14 24 24 22 28 8 37 26 10 42 35 18 32 25 22 20 0 19 8 22 10 15 19 4 23 26 14 18 2 28 1 27 6 24 32 23 16 17 7 27 11 13 28 33 21 34 26 39 3 24 
91 11 14 36 21 3 12 10 21 23 38 34 12 32 16 24 9 12 12 22 3 13 2 6 6 27 30 17 27 25 3 33 40 24 15 6 31 34 16 12 40 12 15 16 24 27 43 16 26 27 34 6 20 26 42 42 36 6 29 14 3 16 9 9 17 22 30 29 34 7 5 43 36 41 9 17 21 37 20 26 23 6 15 35 35 32 19 0 24 20 16 31 29 14 24 6 18 36 17 29 21 39 26 36 24 29 6 12 15 11 12 6 27 17 4 18 23 23 18 38 
116 22 39 30 35 23 34 20 46 42 21 39 17 15 41 4 30 28 13 12 21 25 26 30 17 39 9 38 36 31 27 28 31 48 12 31 32 27 11 15 33 36 12 41 49 52 23 41 2 42 34 20 16 11 28 32 14 21 9 34 28 26 20 34 42 46 13 35 18 30 20 27 33 29 30 10 45 34 18 51 43 21 40 33 30 28 8 24 0 30 18 24 27 10 31 28 22 26 8 36 9 36 11 32 40 32 18 25 16 35 13 20 37 42 29 42 35 48 11 33 
85 9 15 16 4 17 8 19 15 11 18 13 19 15 10 30 29 7 18 18 18 7 22 17 15 8 21 7 6 5 20 12 19 18 21 19 11 13 22 15 19 17 22 12 18 21 23 17 32 12 14 19 14 19 21 21 16 20 21 6 19 4 19 17 11 15 17 9 13 13 15 22 15 20 29 24 14 17 12 20 12 20 9 14 14 12 22 20 30 0 12 11 9 20 3 27 8 15 22 8 21 18 19 15 9 9 18 8 14 15 19 14 6 11 15 15 4 17 19 17 
97 4 20 20 17 12 15 15 27 23 22 20 12 15 22 18 25 9 7 6 14 6 18 13 11 20 14 19 17 13 16 17 24 30 9 14 15 18 10 3 24 18 9 22 30 33 27 22 20 24 18 14 4 9 26 26 20 15 12 15 14 8 15 15 23 28 14 16 18 12 11 27 20 25 25 11 27 21 4 32 24 15 21 19 18 16 10 16 18 12 0 15 13 8 13 23 4 19 9 18 9 22 9 20 21 13 13 7 2 17 8 10 18 23 11 24 16 29 6 22 
92 20 26 6 11 28 19 30 22 18 6 15 27 8 21 23 40 18 23 11 30 18 33 28 26 15 14 14 12 7 31 4 8 24 22 30 8 3 21 19 9 28 22 24 25 28 12 28 25 18 10 30 11 12 10 10 9 31 14 17 30 15 30 28 18 22 10 11 5 24 26 11 9 9 40 20 21 10 11 27 19 31 20 9 6 4 15 31 24 11 15 0 3 17 7 38 13 4 15 12 14 12 12 8 16 8 29 19 16 26 23 25 13 18 27 26 11 24 13 9 
88 18 24 7 8 26 17 28 18 14 9 11 25 12 18 27 38 16 21 15 27 16 31 26 24 11 18 12 8 3 29 3 10 21 20 28 4 4 19 17 10 26 20 21 21 24 14 26 29 15 6 28 11 16 12 12 13 29 18 15 28 13 28 26 14 18 14 7 9 22 24 13 6 11 38 21 17 8 9 23 15 29 18 5 5 3 19 29 27 9 13 3 0 17 5 36 11 6 19 8 18 9 16 6 12 4 27 17 14 24 21 23 9 14 24 24 7 20 16 8 
105 12 28 22 25 12 24 13 35 31 24 28 10 17 30 9 23 18 6 7 12 15 16 20 9 28 16 27 25 21 17 18 25 38 5 21 21 19 4 5 25 26 5 30 38 41 29 30 12 32 23 13 5 11 27 27 21 14 14 23 18 16 13 23 31 36 15 24 19 20 9 28 22 26 23 3 35 24 8 40 33 14 30 23 20 18 4 14 10 20 8 17 17 0 21 21 12 21 2 26 6 25 11 21 30 21 12 15 5 25 6 9 26 31 18 32 24 37 3 23 
84 12 18 12 3 20 11 22 14 10 14 10 20 15 13 31 33 11 19 19 22 10 26 21 18 7 22 6 4 1 24 9 16 17 22 22 7 10 23 16 16 20 23 16 17 20 19 20 33 11 10 22 15 20 18 18 17 23 21 9 22 7 22 20 10 15 18 5 12 16 18 19 12 17 33 24 13 13 12 19 11 23 12 11 11 8 23 24 31 3 13 7 5 21 0 30 9 12 23 5 22 15 20 12 8 5 21 11 15 18 20 18 5 10 19 18 3 16 20 14 
94 18 17 43 28 10 19 8 24 30 45 41 10 39 19 23 3 19 15 29 8 20 4 9 12 33 37 24 33 32 6 40 47 30 16 9 38 41 17 19 47 14 16 19 27 30 50 19 26 34 41 8 27 33 49 49 43 7 36 21 8 23 8 12 24 24 37 36 41 14 12 50 43 48 2 18 23 44 27 29 30 7 18 42 42 39 26 6 28 27 23 38 36 21 30 0 24 42 24 36 27 45 33 43 31 36 9 19 22 13 15 12 34 24 11 21 30 26 25 45 
93 6 16 18 12 14 11 16 23 19 20 16 14 14 18 22 27 5 10 10 16 4 20 15 12 16 13 15 13 9 18 15 22 26 13 16 13 16 14 7 22 14 14 18 26 29 25 18 24 20 16 16 6 11 24 24 18 17 12 11 16 3 16 14 19 24 12 12 16 10 12 25 18 23 27 15 22 19 3 28 20 17 17 17 17 14 14 18 22 8 4 13 11 12 9 24 0 18 14 13 13 21 11 18 17 11 15 5 6 12 11 12 14 19 13 20 12 25 11 20 
90 24 30 4 14 32 23 34 19 15 5 12 32 10 25 25 45 23 27 14 34 22 38 33 30 12 17 18 9 10 36 2 5 22 26 34 6 1 25 23 6 32 26 28 23 25 7 32 28 16 7 34 15 15 6 6 12 35 16 21 34 19 34 32 18 22 12 8 7 28 30 7 6 5 45 24 23 8 15 24 17 35 24 7 4 3 18 36 26 15 19 4 6 21 12 42 18 0 18 10 16 9 15 6 14 6 33 23 20 30 27 30 10 18 31 30 12 21 17 6 
107 13 30 22 27 14 25 15 37 33 21 30 13 15 32 8 26 19 8 5 15 16 19 21 12 30 13 29 27 23 18 19 23 40 7 22 23 19 6 6 24 27 7 32 40 43 26 32 10 34 25 15 7 9 25 25 19 16 12 25 19 18 15 25 33 38 13 26 17 21 12 26 24 24 26 6 36 26 10 42 34 16 31 24 22 19 2 17 8 22 9 15 19 2 23 24 14 18 0 27 3 27 9 23 31 23 14 17 7 27 9 11 28 33 20 34 26 39 3 24 
79 17 24 7 8 25 17 28 11 6 15 4 25 20 18 36 38 16 24 24 27 15 31 26 24 2 27 11 2 4 29 8 10 12 27 27 4 8 28 21 10 25 27 21 16 15 14 26 38 6 5 27 20 25 13 12 22 29 26 15 27 12 28 25 12 15 22 1 17 22 24 14 6 12 38 29 16 8 17 14 6 28 17 6 5 8 28 29 36 8 18 12 8 26 5 36 13 10 27 0 27 9 25 7 5 4 26 16 20 23 24 23 1 12 24 24 5 11 24 9 
106 12 29 21 26 17 24 19 36 32 17 29 17 11 31 9 30 18 12 2 19 15 23 21 15 29 9 28 26 22 21 18 22 39 11 21 22 18 10 8 23 27 11 31 39 42 22 31 11 33 24 19 6 5 21 22 15 20 8 24 19 17 19 24 32 37 9 25 13 21 15 22 23 20 30 9 36 25 9 41 33 20 30 24 21 18 1 21 9 21 9 14 18 6 22 27 13 16 3 27 0 26 5 22 30 22 18 16 6 26 12 15 27 32 19 33 25 38 2 23 
80 27 33 5 17 35 26 37 21 15 14 4 35 20 28 35 48 26 30 23 37 25 41 36 33 12 26 21 12 13 39 7 4 15 29 37 7 8 28 26 3 35 29 31 26 22 12 35 37 11 4 37 19 24 7 3 21 38 26 24 37 22 37 35 21 25 22 9 17 31 33 8 2 6 48 29 26 1 18 16 15 38 27 3 5 7 27 39 36 18 22 12 9 25 15 45 21 9 27 9 26 0 24 3 14 9 36 26 23 33 30 33 11 21 34 33 15 21 24 3 
105 14 27 19 24 22 23 24 35 30 12 27 22 6 30 10 35 17 17 3 24 14 28 23 21 27 4 27 24 20 26 17 20 37 16 24 21 16 15 13 21 25 16 30 38 41 17 30 12 31 23 24 5 0 17 21 10 25 3 23 24 15 24 23 31 35 4 24 8 19 21 17 22 18 35 15 34 23 7 40 32 25 29 22 19 17 6 26 11 19 9 12 16 11 20 33 11 15 9 25 5 24 0 21 29 21 23 14 10 24 18 20 26 31 21 31 24 36 7 21 
84 24 31 1 15 33 24 35 18 13 11 6 32 16 25 31 45 23 28 20 34 23 38 33 31 9 23 18 9 10 36 3 3 16 27 35 4 4 26 24 3 33 27 28 24 19 9 33 34 10 1 35 16 21 6 5 18 36 22 22 35 20 35 33 19 22 18 6 13 29 31 6 0 4 45 25 24 2 15 18 13 36 24 1 1 3 24 36 32 15 20 8 6 21 12 43 18 6 23 7 22 3 21 0 12 6 33 24 21 30 28 30 9 19 31 31 12 18 20 1 
75 18 18 12 4 20 12 26 6 1 19 9 28 24 13 39 33 12 27 28 22 15 26 21 22 2 31 6 4 8 24 12 15 8 31 22 8 12 32 24 15 20 31 16 11 11 19 21 42 3 10 22 24 29 18 18 26 24 30 9 22 13 25 20 7 10 26 5 21 17 20 19 12 17 33 33 11 13 21 10 3 23 12 11 10 12 32 24 40 9 21 16 12 30 8 31 17 14 31 5 30 14 29 12 0 8 22 14 24 18 28 20 3 7 19 19 5 7 28 14 
84 18 24 7 8 26 17 28 14 9 10 6 25 16 18 31 38 16 21 19 27 16 31 26 24 6 22 12 3 3 29 3 10 16 22 28 2 4 24 17 10 26 23 21 17 20 14 26 33 10 5 28 15 21 12 12 18 29 22 15 28 13 28 26 12 15 18 3 13 22 24 13 6 11 38 25 17 8 13 19 11 29 18 5 5 3 23 29 32 9 13 8 4 21 5 36 11 6 23 4 22 9 21 6 8 0 27 17 15 24 21 23 5 12 24 24 6 15 20 8 
98 9 20 34 18 5 16 4 27 23 36 31 6 29 23 17 11 10 5 19 3 10 7 12 2 24 28 19 24 23 9 30 37 30 9 13 29 31 10 9 37 18 9 23 30 33 41 22 20 25 32 1 17 23 39 39 33 2 26 15 10 13 3 15 24 28 27 27 31 12 2 40 33 38 11 11 27 35 18 33 25 2 22 32 32 30 16 6 18 18 13 29 27 12 21 9 15 33 14 26 18 36 23 33 22 27 0 9 12 17 6 3 24 24 11 24 21 29 15 35 
90 3 13 24 9 9 8 12 20 16 26 21 14 19 15 25 21 2 13 13 10 0 14 9 8 14 18 12 14 13 12 20 27 23 16 11 19 21 17 10 27 10 17 15 23 26 31 15 27 17 22 11 9 14 30 29 23 12 16 8 11 3 11 9 16 21 18 17 21 5 7 30 23 28 21 18 19 25 8 25 17 12 14 22 22 20 17 12 25 8 7 19 17 15 11 19 5 23 17 16 16 26 14 24 14 17 9 0 9 9 14 6 15 16 7 17 11 22 14 25 
100 6 22 21 19 12 18 14 30 25 23 22 11 16 25 15 24 12 7 6 13 9 17 14 10 22 15 21 19 15 15 17 24 32 6 15 16 18 8 3 24 20 7 25 33 36 28 24 18 26 19 14 4 10 27 26 20 15 13 18 14 10 14 18 26 30 15 18 18 14 10 27 20 25 24 9 29 22 5 35 27 15 24 19 19 17 7 15 16 14 2 16 14 5 15 22 6 20 7 20 6 23 10 21 24 15 12 9 0 19 7 9 21 26 13 26 18 31 4 22 
80 13 3 31 15 12 6 21 12 17 33 28 24 26 5 35 14 7 23 23 14 10 9 5 18 21 26 12 21 20 8 27 34 18 26 4 26 28 27 20 34 2 27 5 13 16 38 5 37 22 29 18 19 24 36 36 30 17 25 8 7 10 20 2 11 11 24 24 28 5 15 37 30 35 14 28 9 32 16 16 17 17 6 29 29 27 27 11 35 15 17 26 24 25 18 13 12 30 27 23 26 33 24 30 18 24 17 9 19 0 24 15 21 11 6 7 18 12 24 32 
104 10 27 28 24 11 22 6 34 30 30 27 4 24 29 11 17 16 0 14 9 13 14 18 6 27 22 26 24 20 15 25 32 37 2 19 23 26 3 4 32 24 3 29 37 40 35 29 13 31 26 6 12 18 34 34 28 7 21 22 16 15 6 22 30 35 22 23 26 18 8 35 28 33 17 4 33 29 12 39 31 7 28 27 27 24 11 12 13 19 8 23 21 6 20 15 11 27 9 24 12 30 18 28 28 21 6 14 7 24 0 8 25 30 17 31 23 36 10 30 
96 5 18 30 15 3 14 6 25 21 32 28 8 26 21 19 15 8 7 16 4 7 8 10 2 21 24 17 21 19 7 27 34 28 11 11 25 28 12 6 34 16 11 21 28 31 37 20 22 22 28 4 14 20 36 36 30 5 23 13 8 10 5 13 21 26 24 23 28 10 0 37 30 35 15 13 25 31 14 30 23 5 20 29 29 26 13 6 20 14 10 25 23 9 18 12 12 30 11 23 15 33 20 30 20 23 3 6 9 15 8 0 21 21 9 22 17 27 12 32 
79 15 22 9 6 24 15 26 9 4 15 6 25 21 16 36 36 14 24 24 25 14 29 24 22 1 27 9 1 5 27 8 12 11 27 26 4 9 29 21 12 24 28 19 15 15 16 24 39 5 7 26 21 26 15 14 23 27 27 13 26 11 26 24 10 13 23 2 18 20 22 15 8 13 36 30 15 10 18 14 6 27 15 7 7 8 28 27 37 6 18 13 9 26 5 34 14 10 28 1 27 11 26 9 3 5 24 15 21 21 25 21 0 10 22 22 3 10 25 10 
74 19 11 19 6 18 7 28 3 6 21 17 30 26 6 41 26 13 29 30 20 16 19 14 24 9 33 4 9 10 17 16 23 6 33 15 14 17 34 26 23 13 33 9 6 9 26 13 44 10 17 24 26 31 25 25 28 24 32 8 15 15 27 13 0 4 28 12 23 11 22 26 19 24 26 35 4 20 23 9 6 24 5 18 18 15 33 17 42 11 23 18 14 31 10 24 19 18 33 12 32 21 31 19 7 12 24 16 26 11 30 21 10 0 12 12 7 5 30 21 
87 6 9 32 16 6 7 15 16 18 33 29 17 27 12 28 13 8 16 17 7 8 6 1 11 22 26 12 22 21 4 28 35 19 20 3 27 29 21 13 35 7 20 12 19 22 39 11 31 23 30 11 15 21 37 37 31 11 24 9 3 11 14 4 12 17 25 24 29 2 9 38 31 36 13 22 16 33 15 21 18 11 11 30 30 27 21 4 29 15 11 27 24 18 19 11 13 31 20 24 19 34 21 31 19 24 11 7 13 6 17 9 22 12 0 13 18 18 17 33 
73 20 3 31 16 19 8 29 12 18 33 29 31 27 5 42 17 14 30 30 21 17 16 12 25 21 33 12 21 20 15 28 35 18 33 11 26 29 34 27 35 6 34 2 7 11 38 1 44 22 29 25 26 31 37 37 31 24 33 9 14 16 27 8 12 8 29 24 29 12 22 38 31 36 18 36 7 32 24 17 18 24 6 30 30 27 34 18 42 15 24 26 24 32 18 21 20 30 34 24 33 33 31 31 19 24 24 17 26 7 31 22 22 12 13 0 18 12 31 33 
81 12 18 13 2 20 11 22 11 6 15 10 23 19 12 34 32 10 22 22 21 10 25 20 18 3 25 6 3 3 23 9 16 13 25 22 8 10 27 19 16 20 26 15 14 17 20 20 36 7 11 22 18 24 18 18 21 23 25 9 22 8 22 20 7 11 21 6 16 16 18 19 12 17 32 28 11 14 16 16 8 23 12 11 11 9 26 23 35 4 16 11 7 24 3 30 12 12 26 5 25 15 24 12 5 6 21 11 18 18 23 17 3 7 18 18 0 12 23 14 
68 25 12 18 12 24 13 34 1 6 26 16 36 32 7 47 27 19 35 35 26 22 21 17 30 9 38 9 12 16 20 19 22 5 38 16 15 20 39 32 22 14 39 10 5 4 25 14 49 9 16 30 31 36 24 24 33 29 38 13 19 21 33 14 5 4 34 12 29 17 27 25 18 23 27 41 5 19 29 4 5 30 7 17 17 19 39 23 48 17 29 24 20 37 16 26 25 21 39 11 38 21 36 18 7 15 29 22 31 12 36 27 10 5 18 12 12 0 36 20 
104 10 27 19 24 14 22 17 34 30 20 27 14 13 29 11 27 16 9 4 16 13 20 18 13 27 12 26 24 20 18 16 21 37 9 19 20 16 7 5 21 24 9 29 37 40 25 29 13 31 22 16 4 7 24 24 18 18 10 22 16 15 17 22 30 35 12 23 16 18 13 25 21 23 27 7 33 23 7 39 31 17 28 21 19 16 3 18 11 19 6 13 16 3 20 25 11 17 3 24 2 24 7 20 28 20 15 14 4 24 10 12 25 30 17 31 23 36 0 21 
83 26 33 2 17 34 26 37 20 15 11 6 34 17 27 32 47 25 30 20 36 24 40 35 33 11 23 20 11 12 38 5 1 15 29 36 6 5 27 25 1 34 29 30 25 21 9 35 34 10 3 36 18 21 4 3 18 38 23 24 36 21 37 34 21 24 19 8 14 31 33 5 2 3 47 27 25 1 17 18 15 37 26 3 3 5 24 38 33 17 22 9 8 23 14 45 20 6 24 9 23 3 21 1 14 8 35 25 22 32 30 32 10 21 33 33 14 20 21 0 
0 
3 7347 4278 1219 
2 1775 0 
1 0 
3 0 0 1840 
1 0 
3 0 2653 0 
4 0 0 0 0 
4 6356 1078 0 468 
2 0 0 
1 0 
2 4098 0 
2 2410 0 
3 1942 0 0 
2 0 0 
5 0 4288 3557 1009 0 
1 0 
4 0 0 0 0 
2 0 216 
2 963 4285 
4 0 0 640 0 
0 
3 0 0 0 
2 0 0 
1 0 
2 890 436 
2 0 11084 
3 1322 0 8696 
3 0 2496 1792 
1 7136 
3 0 3647 94 
2 0 4727 
1 0 
2 4831 2370 
1 0 
3 0 0 0 
3 1671 1410 2431 
2 2141 0 
1 0 
1 0 
3 0 0 1045 
1 0 
1 0 
5 0 0 722 0 5470 
2 0 0 
0 
2 7236 0 
1 0 
2 0 6940 
2 0 0 
1 0 
1 0 
3 789 0 0 
0 
3 0 0 4469 
0 
2 0 0 
1 0 
2 2002 0 
3 0 0 389 
0 
2 3191 2211 
2 3964 319 
1 966 
4 0 0 6034 0 
0 
3 0 0 897 
3 4730 0 0 
2 0 7416 
3 0 0 2381 
1 1368 
5 0 0 0 0 0 
2 4191 73 
3 2975 9256 0 
2 3622 0 
1 5022 
2 5544 0 
4 1277 4207 2303 0 
5 0 7817 4718 5705 0 
1 3927 
7 0 0 0 0 8770 723 4568 
2 0 1165 
0 
1 15 
3 0 0 1266 
3 2624 0 13805 
2 1664 0 
3 0 11977 2614 
3 710 0 0 
5 0 0 0 0 0 
3 0 0 1921 
2 6890 0 
4 2891 0 0 0 
4 0 0 0 0 
4 0 0 4887 0 
0 
5 0 0 1008 0 1744 
4 0 0 0 12252 
3 6244 1070 2256 
0 
1 0 
5 4418 0 0 0 5096 
3 470 0 0 
2 0 2398 
2 5958 4246 
2 8 244 
2 0 0 
4 0 0 0 0 
0 
2 2174 0 
0 
2 138 3750 
1 0 
2 0 0 
4 0 0 3687 4717 
1 0 
2 361 10035 
2 2816 0 
2 0 0 
3 0 6521 0 

0 
3 13739 14919 6971 
2 7566 10207 
1 5345 
3 3967 3964 11529 
1 9380 
3 5634 8483 6428 
4 7068 6352 3695 4692 
4 14659 7759 10282 7480 
2 3957 4267 
1 5234 
2 12020 7249 
2 10620 9745 
3 12179 7264 3452 
2 6662 5263 
5 6845 12098 12965 10760 5229 
1 3550 
4 5217 3815 6472 4306 
2 4591 6643 
2 14137 9951 
4 5261 5054 6153 4149 
0 
3 6432 4659 3777 
2 5409 13202 
1 5484 
2 10876 7634 
2 5721 24422 
3 6355 7507 15771 
3 7243 8295 10870 
1 14937 
3 9134 8819 11763 
2 8604 14907 
1 10323 
2 14508 10936 
1 5246 
3 4370 8689 8349 
3 7181 6899 8624 
2 8336 6501 
1 2980 
1 7195 
3 5705 5202 15023 
1 5154 
1 3264 
5 6362 3593 11883 5177 16120 
2 3765 6681 
0 
2 14716 4428 
1 8295 
2 3967 21745 
2 5191 5779 
1 8487 
1 5514 
3 9762 4504 7358 
0 
3 6403 4956 10337 
0 
2 6509 7224 
1 3505 
2 15308 6097 
3 4570 4723 8008 
0 
2 8975 10098 
2 12009 8561 
1 12881 
4 3176 5586 18015 5470 
0 
3 5147 11439 9094 
3 11595 8229 6868 
2 6423 15185 
3 6184 6576 8926 
1 9893 
5 7275 4542 3815 2813 4950 
2 11735 5325 
3 8395 16988 5821 
2 10188 5654 
1 10298 
2 12094 10281 
4 7947 15206 8089 5482 
5 8982 16978 11594 17648 4447 
1 11109 
7 4945 4023 3511 5639 18255 6281 16425 
2 4105 8213 
0 
1 10109 
3 6970 5297 6323 
3 17444 4672 23342 
2 14261 5796 
3 7889 22760 10819 
3 6648 3712 3807 
5 3997 6326 3469 5860 8981 
3 3869 5350 11820 
2 15633 6121 
4 10876 9175 8625 4211 
4 6002 6200 10313 6784 
4 9708 5249 11700 7857 
0 
5 5716 5649 8885 4177 10739 
4 3548 4014 9261 25612 
3 19994 8604 8233 
0 
1 3649 
5 12891 5503 8307 4655 14036 
3 10217 7242 8320 
2 3249 7817 
2 12453 15952 
2 7767 10810 
2 5995 4590 
4 4344 10149 4909 8223 
0 
2 7376 6143 
0 
2 11293 10246 
1 8870 
2 6082 3606 
4 7720 4864 13273 20737 
1 3650 
2 8462 21079 
2 9263 6479 
2 8262 7468 
3 8395 22959 6119 

4 9075 10656 3805 9894 
4 8189 6075 10273 6806 
5 11209 10970 8081 7935 6222 
4 5740 16942 14983 14754 
5 11513 12953 10914 9810 8509 
6 7924 6796 10060 9011 11955 11254 
6 11675 9408 11368 8946 5892 8849 
6 7496 7235 9826 9677 6898 11358 
4 7203 10460 8439 6289 
6 6475 7301 6664 6282 10017 7114 
5 7618 12980 5352 12865 7269 
5 6100 6707 9273 12352 10965 
6 5652 8844 4556 8197 10243 7477 
4 7325 8902 9491 9923 
5 8288 6386 13340 8381 7999 
6 4968 5731 7474 9876 9525 8511 
6 8062 7884 7939 7900 7177 12372 
4 10031 7259 10180 11786 
6 5317 9090 5720 7055 6908 6939 
5 6676 6403 6340 7820 9445 
5 6292 8045 9045 14910 7361 
5 7952 8180 12335 10400 8651 
6 6314 7337 10386 4428 13447 6464 
5 9645 6540 7505 10268 7073 
4 4297 6697 8699 8547 
4 8705 10679 6521 7322 
6 11072 14296 10340 4068 6907 8260 
6 6542 5594 8710 8889 9678 7716 
6 7535 4579 10584 5992 7470 8368 
5 6813 7050 7452 11643 7320 
5 5399 10438 6779 4199 8221 
5 9162 6632 6128 8037 7757 
5 10833 14752 6641 11662 10093 
4 6060 6493 9874 7442 
4 6960 9265 7074 6900 
5 10589 9096 10259 5637 7973 
6 11770 7895 4625 4599 10528 13196 
6 7012 11935 5396 7740 8007 7638 
5 8811 7208 10860 10325 9132 
5 7288 6466 6723 9799 11436 
120 114 153 177 181 191 188 177 117 151 158 156 154 126 153 158 174 137 143 130 156 162 165 143 104 119 184 161 153 140 125 133 181 109 110 150 177 163 159 145 
1 1 1 1 1 1 1 1 1 1 1 1 1 1 1 1 1 1 1 1 1 1 1 1 1 1 1 1 1 1 1 1 1 1 1 1 1 1 1 1 1 1 1 1 1 1 1 1 1 1 1 1 1 1 1 1 1 1 1 1 1 1 1 1 1 1 1 1 1 1 1 1 1 1 1 1 1 1 1 1 1 1 1 1 1 1 1 1 1 1 1 1 1 1 1 1 1 1 1 1 1 1 1 1 1 1 1 1 1 1 1 1 1 1 1 1 1 1 1 1 
1 1 1 1 1 0 1 1 1 1 0 0 1 1 0 0 1 1 1 1 1 0 1 1 0 1 0 1 0 1 0 1 1 1 1 1 1 0 0 1 0 1 1 0 1 1 1 1 0 1 1 1 1 0 1 0 0 1 1 1 1 0 1 1 0 0 1 1 1 1 1 1 1 1 1 1 1 0 1 1 1 0 1 1 1 0 1 1 1 0 0 0 1 0 1 0 1 0 0 1 0 1 1 1 1 1 1 1 1 1 0 0 1 1 1 1 1 0 1 1 
1 0 1 1 1 1 1 1 0 0 1 1 1 1 1 1 0 1 1 1 0 1 1 0 1 0 1 1 1 1 1 0 1 1 0 0 1 1 1 1 1 0 0 1 0 1 1 1 1 0 0 0 1 1 0 1 1 0 1 0 1 1 1 0 1 1 1 0 0 1 1 1 1 0 0 1 0 1 1 1 1 1 0 0 1 1 1 0 1 1 1 1 0 1 0 1 1 1 1 0 1 0 1 0 1 0 1 0 1 1 1 1 1 1 1 1 0 1 1 0 
1 0 1 1 1 1 1 1 0 0 1 1 1 1 1 1 0 1 1 1 0 1 1 0 1 0 1 1 1 1 1 0 1 1 0 0 1 1 1 1 1 0 0 1 0 1 1 1 1 0 0 0 1 1 0 1 1 0 1 0 1 1 1 0 1 1 1 0 0 1 1 1 1 0 0 1 0 1 1 1 1 1 0 0 1 1 1 0 1 1 1 1 0 1 0 1 1 1 1 0 1 0 1 0 1 0 1 0 1 1 1 1 1 1 1 1 0 1 1 0 
1 0 1 1 1 1 1 1 0 0 1 1 1 1 1 1 0 1 1 1 0 1 1 0 1 0 1 1 1 1 1 0 1 1 0 0 1 1 1 1 1 0 0 1 0 1 1 1 1 0 0 0 1 1 0 1 1 0 1 0 1 1 1 0 1 1 1 0 0 1 1 1 1 0 0 1 0 1 1 1 1 1 0 0 1 1 1 0 1 1 1 1 0 1 0 1 1 1 1 0 1 0 1 0 1 0 1 0 1 1 1 1 1 1 1 1 0 1 1 0 
1 1 1 1 1 1 1 1 1 1 1 1 1 1 1 1 1 1 1 1 1 1 1 1 1 1 1 1 1 1 1 1 1 1 1 1 1 1 1 1 1 1 1 1 1 1 1 1 1 1 1 1 1 1 1 1 1 1 1 1 1 1 1 1 1 1 1 1 1 1 1 1 1 1 1 1 1 1 1 1 1 1 1 1 1 1 1 1 1 1 1 1 1 1 1 1 1 1 1 1 1 1 1 1 1 1 1 1 1 1 1 1 1 1 1 1 1 1 1 1 
1 1 1 1 1 0 1 1 1 1 0 0 1 1 0 0 1 1 1 1 1 0 1 1 0 1 0 1 0 1 0 1 1 1 1 1 1 0 0 1 0 1 1 0 1 1 1 1 0 1 1 1 1 0 1 0 0 1 1 1 1 0 1 1 0 0 1 1 1 1 1 1 1 1 1 1 1 0 1 1 1 0 1 1 1 0 1 1 1 0 0 0 1 0 1 0 1 0 0 1 0 1 1 1 1 1 1 1 1 1 0 0 1 1 1 1 1 0 1 1 
1 1 1 1 1 1 1 1 1 1 1 1 1 1 1 1 1 1 1 1 1 1 1 1 1 1 1 1 1 1 1 1 1 1 1 1 1 1 1 1 1 1 1 1 1 1 1 1 1 1 1 1 1 1 1 1 1 1 1 1 1 1 1 1 1 1 1 1 1 1 1 1 1 1 1 1 1 1 1 1 1 1 1 1 1 1 1 1 1 1 1 1 1 1 1 1 1 1 1 1 1 1 1 1 1 1 1 1 1 1 1 1 1 1 1 1 1 1 1 1 
1 1 1 1 1 0 1 1 1 1 0 0 1 1 0 0 1 1 1 1 1 0 1 1 0 1 0 1 0 1 0 1 1 1 1 1 1 0 0 1 0 1 1 0 1 1 1 1 0 1 1 1 1 0 1 0 0 1 1 1 1 0 1 1 0 0 1 1 1 1 1 1 1 1 1 1 1 0 1 1 1 0 1 1 1 0 1 1 1 0 0 0 1 0 1 0 1 0 0 1 0 1 1 1 1 1 1 1 1 1 0 0 1 1 1 1 1 0 1 1 
1 0 1 1 1 1 1 1 0 0 1 1 1 1 1 1 0 1 1 1 0 1 1 0 1 0 1 1 1 1 1 0 1 1 0 0 1 1 1 1 1 0 0 1 0 1 1 1 1 0 0 0 1 1 0 1 1 0 1 0 1 1 1 0 1 1 1 0 0 1 1 1 1 0 0 1 0 1 1 1 1 1 0 0 1 1 1 0 1 1 1 1 0 1 0 1 1 1 1 0 1 0 1 0 1 0 1 0 1 1 1 1 1 1 1 1 0 1 1 0 
1 1 1 1 1 0 1 1 1 1 0 0 1 1 0 0 1 1 1 1 1 0 1 1 0 1 0 1 0 1 0 1 1 1 1 1 1 0 0 1 0 1 1 0 1 1 1 1 0 1 1 1 1 0 1 0 0 1 1 1 1 0 1 1 0 0 1 1 1 1 1 1 1 1 1 1 1 0 1 1 1 0 1 1 1 0 1 1 1 0 0 0 1 0 1 0 1 0 0 1 0 1 1 1 1 1 1 1 1 1 0 0 1 1 1 1 1 0 1 1 
1 1 1 1 1 0 1 1 1 1 0 0 1 1 0 0 1 1 1 1 1 0 1 1 0 1 0 1 0 1 0 1 1 1 1 1 1 0 0 1 0 1 1 0 1 1 1 1 0 1 1 1 1 0 1 0 0 1 1 1 1 0 1 1 0 0 1 1 1 1 1 1 1 1 1 1 1 0 1 1 1 0 1 1 1 0 1 1 1 0 0 0 1 0 1 0 1 0 0 1 0 1 1 1 1 1 1 1 1 1 0 0 1 1 1 1 1 0 1 1 
1 1 1 1 1 1 1 1 1 1 1 1 1 1 1 1 1 1 1 1 1 1 1 1 1 1 1 1 1 1 1 1 1 1 1 1 1 1 1 1 1 1 1 1 1 1 1 1 1 1 1 1 1 1 1 1 1 1 1 1 1 1 1 1 1 1 1 1 1 1 1 1 1 1 1 1 1 1 1 1 1 1 1 1 1 1 1 1 1 1 1 1 1 1 1 1 1 1 1 1 1 1 1 1 1 1 1 1 1 1 1 1 1 1 1 1 1 1 1 1 
1 1 1 1 1 0 1 1 1 1 0 0 1 1 0 0 1 1 1 1 1 0 1 1 0 1 0 1 0 1 0 1 1 1 1 1 1 0 0 1 0 1 1 0 1 1 1 1 0 1 1 1 1 0 1 0 0 1 1 1 1 0 1 1 0 0 1 1 1 1 1 1 1 1 1 1 1 0 1 1 1 0 1 1 1 0 1 1 1 0 0 0 1 0 1 0 1 0 0 1 0 1 1 1 1 1 1 1 1 1 0 0 1 1 1 1 1 0 1 1 
1 1 1 1 1 0 1 1 1 1 0 0 1 1 0 0 1 1 1 1 1 0 1 1 0 1 0 1 0 1 0 1 1 1 1 1 1 0 0 1 0 1 1 0 1 1 1 1 0 1 1 1 1 0 1 0 0 1 1 1 1 0 1 1 0 0 1 1 1 1 1 1 1 1 1 1 1 0 1 1 1 0 1 1 1 0 1 1 1 0 0 0 1 0 1 0 1 0 0 1 0 1 1 1 1 1 1 1 1 1 0 0 1 1 1 1 1 0 1 1 
1 1 1 1 1 1 1 1 1 1 1 1 1 1 1 1 1 1 1 1 1 1 1 1 1 1 1 1 1 1 1 1 1 1 1 1 1 1 1 1 1 1 1 1 1 1 1 1 1 1 1 1 1 1 1 1 1 1 1 1 1 1 1 1 1 1 1 1 1 1 1 1 1 1 1 1 1 1 1 1 1 1 1 1 1 1 1 1 1 1 1 1 1 1 1 1 1 1 1 1 1 1 1 1 1 1 1 1 1 1 1 1 1 1 1 1 1 1 1 1 
1 1 1 1 1 1 1 1 1 1 1 1 1 1 1 1 1 1 1 1 1 1 1 1 1 1 1 1 1 1 1 1 1 1 1 1 1 1 1 1 1 1 1 1 1 1 1 1 1 1 1 1 1 1 1 1 1 1 1 1 1 1 1 1 1 1 1 1 1 1 1 1 1 1 1 1 1 1 1 1 1 1 1 1 1 1 1 1 1 1 1 1 1 1 1 1 1 1 1 1 1 1 1 1 1 1 1 1 1 1 1 1 1 1 1 1 1 1 1 1 
1 1 1 1 1 1 1 1 1 1 1 1 1 1 1 1 1 1 1 1 1 1 1 1 1 1 1 1 1 1 1 1 1 1 1 1 1 1 1 1 1 1 1 1 1 1 1 1 1 1 1 1 1 1 1 1 1 1 1 1 1 1 1 1 1 1 1 1 1 1 1 1 1 1 1 1 1 1 1 1 1 1 1 1 1 1 1 1 1 1 1 1 1 1 1 1 1 1 1 1 1 1 1 1 1 1 1 1 1 1 1 1 1 1 1 1 1 1 1 1 
1 1 1 1 1 0 1 1 1 1 0 0 1 1 0 0 1 1 1 1 1 0 1 1 0 1 0 1 0 1 0 1 1 1 1 1 1 0 0 1 0 1 1 0 1 1 1 1 0 1 1 1 1 0 1 0 0 1 1 1 1 0 1 1 0 0 1 1 1 1 1 1 1 1 1 1 1 0 1 1 1 0 1 1 1 0 1 1 1 0 0 0 1 0 1 0 1 0 0 1 0 1 1 1 1 1 1 1 1 1 0 0 1 1 1 1 1 0 1 1 
1 1 1 1 1 1 1 1 1 1 1 1 1 1 1 1 1 1 1 1 1 1 1 1 1 1 1 1 1 1 1 1 1 1 1 1 1 1 1 1 1 1 1 1 1 1 1 1 1 1 1 1 1 1 1 1 1 1 1 1 1 1 1 1 1 1 1 1 1 1 1 1 1 1 1 1 1 1 1 1 1 1 1 1 1 1 1 1 1 1 1 1 1 1 1 1 1 1 1 1 1 1 1 1 1 1 1 1 1 1 1 1 1 1 1 1 1 1 1 1 
1 1 1 1 1 1 1 1 1 1 1 1 1 1 1 1 1 1 1 1 1 1 1 1 1 1 1 1 1 1 1 1 1 1 1 1 1 1 1 1 1 1 1 1 1 1 1 1 1 1 1 1 1 1 1 1 1 1 1 1 1 1 1 1 1 1 1 1 1 1 1 1 1 1 1 1 1 1 1 1 1 1 1 1 1 1 1 1 1 1 1 1 1 1 1 1 1 1 1 1 1 1 1 1 1 1 1 1 1 1 1 1 1 1 1 1 1 1 1 1 
1 1 1 1 1 1 1 1 1 1 1 1 1 1 1 1 1 1 1 1 1 1 1 1 1 1 1 1 1 1 1 1 1 1 1 1 1 1 1 1 1 1 1 1 1 1 1 1 1 1 1 1 1 1 1 1 1 1 1 1 1 1 1 1 1 1 1 1 1 1 1 1 1 1 1 1 1 1 1 1 1 1 1 1 1 1 1 1 1 1 1 1 1 1 1 1 1 1 1 1 1 1 1 1 1 1 1 1 1 1 1 1 1 1 1 1 1 1 1 1 
1 1 1 1 1 1 1 1 1 1 1 1 1 1 1 1 1 1 1 1 1 1 1 1 1 1 1 1 1 1 1 1 1 1 1 1 1 1 1 1 1 1 1 1 1 1 1 1 1 1 1 1 1 1 1 1 1 1 1 1 1 1 1 1 1 1 1 1 1 1 1 1 1 1 1 1 1 1 1 1 1 1 1 1 1 1 1 1 1 1 1 1 1 1 1 1 1 1 1 1 1 1 1 1 1 1 1 1 1 1 1 1 1 1 1 1 1 1 1 1 
1 1 1 1 1 0 1 1 1 1 0 0 1 1 0 0 1 1 1 1 1 0 1 1 0 1 0 1 0 1 0 1 1 1 1 1 1 0 0 1 0 1 1 0 1 1 1 1 0 1 1 1 1 0 1 0 0 1 1 1 1 0 1 1 0 0 1 1 1 1 1 1 1 1 1 1 1 0 1 1 1 0 1 1 1 0 1 1 1 0 0 0 1 0 1 0 1 0 0 1 0 1 1 1 1 1 1 1 1 1 0 0 1 1 1 1 1 0 1 1 
1 1 1 1 1 0 1 1 1 1 0 0 1 1 0 0 1 1 1 1 1 0 1 1 0 1 0 1 0 1 0 1 1 1 1 1 1 0 0 1 0 1 1 0 1 1 1 1 0 1 1 1 1 0 1 0 0 1 1 1 1 0 1 1 0 0 1 1 1 1 1 1 1 1 1 1 1 0 1 1 1 0 1 1 1 0 1 1 1 0 0 0 1 0 1 0 1 0 0 1 0 1 1 1 1 1 1 1 1 1 0 0 1 1 1 1 1 0 1 1 
1 0 1 1 1 1 1 1 0 0 1 1 1 1 1 1 0 1 1 1 0 1 1 0 1 0 1 1 1 1 1 0 1 1 0 0 1 1 1 1 1 0 0 1 0 1 1 1 1 0 0 0 1 1 0 1 1 0 1 0 1 1 1 0 1 1 1 0 0 1 1 1 1 0 0 1 0 1 1 1 1 1 0 0 1 1 1 0 1 1 1 1 0 1 0 1 1 1 1 0 1 0 1 0 1 0 1 0 1 1 1 1 1 1 1 1 0 1 1 0 
1 1 1 1 1 1 1 1 1 1 1 1 1 1 1 1 1 1 1 1 1 1 1 1 1 1 1 1 1 1 1 1 1 1 1 1 1 1 1 1 1 1 1 1 1 1 1 1 1 1 1 1 1 1 1 1 1 1 1 1 1 1 1 1 1 1 1 1 1 1 1 1 1 1 1 1 1 1 1 1 1 1 1 1 1 1 1 1 1 1 1 1 1 1 1 1 1 1 1 1 1 1 1 1 1 1 1 1 1 1 1 1 1 1 1 1 1 1 1 1 
1 1 1 1 1 1 1 1 1 1 1 1 1 1 1 1 1 1 1 1 1 1 1 1 1 1 1 1 1 1 1 1 1 1 1 1 1 1 1 1 1 1 1 1 1 1 1 1 1 1 1 1 1 1 1 1 1 1 1 1 1 1 1 1 1 1 1 1 1 1 1 1 1 1 1 1 1 1 1 1 1 1 1 1 1 1 1 1 1 1 1 1 1 1 1 1 1 1 1 1 1 1 1 1 1 1 1 1 1 1 1 1 1 1 1 1 1 1 1 1 
1 0 1 1 1 1 1 1 0 0 1 1 1 1 1 1 0 1 1 1 0 1 1 0 1 0 1 1 1 1 1 0 1 1 0 0 1 1 1 1 1 0 0 1 0 1 1 1 1 0 0 0 1 1 0 1 1 0 1 0 1 1 1 0 1 1 1 0 0 1 1 1 1 0 0 1 0 1 1 1 1 1 0 0 1 1 1 0 1 1 1 1 0 1 0 1 1 1 1 0 1 0 1 0 1 0 1 0 1 1 1 1 1 1 1 1 0 1 1 0 
1 1 1 1 1 1 1 1 1 1 1 1 1 1 1 1 1 1 1 1 1 1 1 1 1 1 1 1 1 1 1 1 1 1 1 1 1 1 1 1 1 1 1 1 1 1 1 1 1 1 1 1 1 1 1 1 1 1 1 1 1 1 1 1 1 1 1 1 1 1 1 1 1 1 1 1 1 1 1 1 1 1 1 1 1 1 1 1 1 1 1 1 1 1 1 1 1 1 1 1 1 1 1 1 1 1 1 1 1 1 1 1 1 1 1 1 1 1 1 1 
1 1 1 1 1 0 1 1 1 1 0 0 1 1 0 0 1 1 1 1 1 0 1 1 0 1 0 1 0 1 0 1 1 1 1 1 1 0 0 1 0 1 1 0 1 1 1 1 0 1 1 1 1 0 1 0 0 1 1 1 1 0 1 1 0 0 1 1 1 1 1 1 1 1 1 1 1 0 1 1 1 0 1 1 1 0 1 1 1 0 0 0 1 0 1 0 1 0 0 1 0 1 1 1 1 1 1 1 1 1 0 0 1 1 1 1 1 0 1 1 
1 1 1 1 1 0 1 1 1 1 0 0 1 1 0 0 1 1 1 1 1 0 1 1 0 1 0 1 0 1 0 1 1 1 1 1 1 0 0 1 0 1 1 0 1 1 1 1 0 1 1 1 1 0 1 0 0 1 1 1 1 0 1 1 0 0 1 1 1 1 1 1 1 1 1 1 1 0 1 1 1 0 1 1 1 0 1 1 1 0 0 0 1 0 1 0 1 0 0 1 0 1 1 1 1 1 1 1 1 1 0 0 1 1 1 1 1 0 1 1 
1 0 1 1 1 1 1 1 0 0 1 1 1 1 1 1 0 1 1 1 0 1 1 0 1 0 1 1 1 1 1 0 1 1 0 0 1 1 1 1 1 0 0 1 0 1 1 1 1 0 0 0 1 1 0 1 1 0 1 0 1 1 1 0 1 1 1 0 0 1 1 1 1 0 0 1 0 1 1 1 1 1 0 0 1 1 1 0 1 1 1 1 0 1 0 1 1 1 1 0 1 0 1 0 1 0 1 0 1 1 1 1 1 1 1 1 0 1 1 0 
1 0 1 1 1 1 1 1 0 0 1 1 1 1 1 1 0 1 1 1 0 1 1 0 1 0 1 1 1 1 1 0 1 1 0 0 1 1 1 1 1 0 0 1 0 1 1 1 1 0 0 0 1 1 0 1 1 0 1 0 1 1 1 0 1 1 1 0 0 1 1 1 1 0 0 1 0 1 1 1 1 1 0 0 1 1 1 0 1 1 1 1 0 1 0 1 1 1 1 0 1 0 1 0 1 0 1 0 1 1 1 1 1 1 1 1 0 1 1 0 
1 1 1 1 1 0 1 1 1 1 0 0 1 1 0 0 1 1 1 1 1 0 1 1 0 1 0 1 0 1 0 1 1 1 1 1 1 0 0 1 0 1 1 0 1 1 1 1 0 1 1 1 1 0 1 0 0 1 1 1 1 0 1 1 0 0 1 1 1 1 1 1 1 1 1 1 1 0 1 1 1 0 1 1 1 0 1 1 1 0 0 0 1 0 1 0 1 0 0 1 0 1 1 1 1 1 1 1 1 1 0 0 1 1 1 1 1 0 1 1 
1 0 1 1 1 1 1 1 0 0 1 1 1 1 1 1 0 1 1 1 0 1 1 0 1 0 1 1 1 1 1 0 1 1 0 0 1 1 1 1 1 0 0 1 0 1 1 1 1 0 0 0 1 1 0 1 1 0 1 0 1 1 1 0 1 1 1 0 0 1 1 1 1 0 0 1 0 1 1 1 1 1 0 0 1 1 1 0 1 1 1 1 0 1 0 1 1 1 1 0 1 0 1 0 1 0 1 0 1 1 1 1 1 1 1 1 0 1 1 0 
1 0 1 1 1 1 1 1 0 0 1 1 1 1 1 1 0 1 1 1 0 1 1 0 1 0 1 1 1 1 1 0 1 1 0 0 1 1 1 1 1 0 0 1 0 1 1 1 1 0 0 0 1 1 0 1 1 0 1 0 1 1 1 0 1 1 1 0 0 1 1 1 1 0 0 1 0 1 1 1 1 1 0 0 1 1 1 0 1 1 1 1 0 1 0 1 1 1 1 0 1 0 1 0 1 0 1 0 1 1 1 1 1 1 1 1 0 1 1 0 
1 1 1 1 1 0 1 1 1 1 0 0 1 1 0 0 1 1 1 1 1 0 1 1 0 1 0 1 0 1 0 1 1 1 1 1 1 0 0 1 0 1 1 0 1 1 1 1 0 1 1 1 1 0 1 0 0 1 1 1 1 0 1 1 0 0 1 1 1 1 1 1 1 1 1 1 1 0 1 1 1 0 1 1 1 0 1 1 1 0 0 0 1 0 1 0 1 0 0 1 0 1 1 1 1 1 1 1 1 1 0 0 1 1 1 1 1 0 1 1 
1 0 1 1 1 1 1 1 0 0 1 1 1 1 1 1 0 1 1 1 0 1 1 0 1 0 1 1 1 1 1 0 1 1 0 0 1 1 1 1 1 0 0 1 0 1 1 1 1 0 0 0 1 1 0 1 1 0 1 0 1 1 1 0 1 1 1 0 0 1 1 1 1 0 0 1 0 1 1 1 1 1 0 0 1 1 1 0 1 1 1 1 0 1 0 1 1 1 1 0 1 0 1 0 1 0 1 0 1 1 1 1 1 1 1 1 0 1 1 0 
1 1 1 1 1 1 1 1 1 1 1 1 1 1 1 1 1 1 1 1 1 1 1 1 1 1 1 1 1 1 1 1 1 1 1 1 1 1 1 1 1 1 1 1 1 1 1 1 1 1 1 1 1 1 1 1 1 1 1 1 1 1 1 1 1 1 1 1 1 1 1 1 1 1 1 1 1 1 1 1 1 1 1 1 1 1 1 1 1 1 1 1 1 1 1 1 1 1 1 1 1 1 1 1 1 1 1 1 1 1 1 1 1 1 1 1 1 1 1 1 
1 1 1 1 1 1 1 1 1 1 1 1 1 1 1 1 1 1 1 1 1 1 1 1 1 1 1 1 1 1 1 1 1 1 1 1 1 1 1 1 1 1 1 1 1 1 1 1 1 1 1 1 1 1 1 1 1 1 1 1 1 1 1 1 1 1 1 1 1 1 1 1 1 1 1 1 1 1 1 1 1 1 1 1 1 1 1 1 1 1 1 1 1 1 1 1 1 1 1 1 1 1 1 1 1 1 1 1 1 1 1 1 1 1 1 1 1 1 1 1 
1 1 0 0 0 0 0 0 0 0 0 0 0 0 0 0 0 1 0 0 0 1 0 0 1 0 0 0 0 0 0 0 0 0 0 0 0 0 0 1 0 0 0 0 0 0 0 0 0 0 0 0 0 0 0 0 0 0 0 0 0 1 0 0 0 0 0 0 0 0 1 0 0 0 0 0 0 0 0 0 0 0 0 0 0 0 0 0 0 0 1 0 0 0 0 0 1 0 0 0 0 0 0 0 0 0 0 1 1 0 0 1 0 0 1 0 0 0 0 0 
1 0 1 0 0 0 0 0 0 0 0 0 0 0 1 0 0 0 0 0 0 0 0 0 0 0 0 0 0 0 0 0 0 0 0 0 0 0 0 0 0 1 0 1 0 0 0 1 0 0 0 0 0 0 0 0 0 0 0 0 0 0 0 1 0 0 0 0 0 0 0 0 0 0 0 0 0 0 0 0 0 0 0 0 0 0 0 0 0 0 0 0 0 0 0 0 0 0 0 0 0 0 0 0 0 0 0 0 0 1 0 0 0 0 0 1 0 0 0 0 
1 0 0 1 0 0 0 0 0 0 0 0 0 0 0 0 0 0 0 0 0 0 0 0 0 0 0 0 0 0 0 1 1 0 0 0 0 1 0 0 1 0 0 0 0 0 0 0 0 0 1 0 0 0 0 0 0 0 0 0 0 0 0 0 0 0 0 0 0 0 0 0 1 0 0 0 0 1 0 0 0 0 0 1 1 0 0 0 0 0 0 0 0 0 0 0 0 0 0 0 0 0 0 1 0 0 0 0 0 0 0 0 0 0 0 0 0 0 0 1 
1 0 0 0 1 0 0 0 0 0 0 0 0 0 0 0 0 0 0 0 0 0 0 0 0 1 0 1 1 1 0 0 0 0 0 0 0 0 0 0 0 0 0 0 0 0 0 0 0 0 0 0 0 0 0 0 0 0 0 0 0 0 0 0 0 0 0 0 0 0 0 0 0 0 0 0 0 0 0 0 0 0 0 0 0 0 0 0 0 1 0 0 0 0 1 0 0 0 0 0 0 0 0 0 1 0 0 0 0 0 0 0 0 0 0 0 1 0 0 0 
1 0 0 0 0 1 0 0 0 0 0 0 0 0 0 0 0 0 0 0 1 0 1 0 1 0 0 0 0 0 1 0 0 0 0 0 0 0 0 0 0 0 0 0 0 0 0 0 0 0 0 1 0 0 0 0 0 1 0 0 1 0 0 0 0 0 0 0 0 0 1 0 0 0 0 0 0 0 0 0 0 1 0 0 0 0 0 1 0 0 0 0 0 0 0 0 0 0 0 0 0 0 0 0 0 0 1 0 0 0 0 1 0 0 0 0 0 0 0 0 
1 0 1 0 0 0 1 0 0 0 0 0 0 0 1 0 0 1 0 0 0 0 0 0 0 0 0 1 0 0 0 0 0 0 0 0 0 0 0 0 0 0 0 1 0 0 0 0 0 0 0 0 0 0 0 0 0 0 0 1 0 0 0 0 0 0 0 0 0 1 0 0 0 0 0 0 0 0 0 0 0 0 1 0 0 0 0 0 0 0 0 0 0 0 0 0 0 0 0 0 0 0 0 0 0 0 0 0 0 1 0 0 0 0 0 0 0 0 0 0 
1 0 0 0 0 0 0 1 0 0 0 0 1 0 0 0 0 0 0 0 0 0 0 0 1 0 0 0 0 0 0 0 0 0 0 0 0 0 0 0 0 0 0 0 0 0 0 0 0 0 0 1 0 0 0 0 0 1 0 0 0 0 1 0 0 0 0 0 0 0 0 0 0 0 0 0 0 0 0 0 0 1 0 0 0 0 0 0 0 0 0 0 0 0 0 0 0 0 0 0 0 0 0 0 0 0 1 0 0 0 0 0 0 0 0 0 0 0 0 0 
1 0 0 0 0 0 0 0 1 1 0 0 0 0 0 0 0 0 0 0 0 0 0 0 0 0 0 0 0 0 0 0 0 1 0 0 0 0 0 0 0 0 0 0 1 0 0 0 0 0 0 0 0 0 0 0 0 0 0 0 0 0 0 0 1 1 0 0 0 0 0 0 0 0 0 0 1 0 0 1 1 0 0 0 0 0 0 0 0 0 0 0 0 0 0 0 0 0 0 0 0 0 0 0 0 0 0 0 0 0 0 0 0 1 0 0 0 1 0 0 
1 0 0 0 0 0 0 0 1 1 0 0 0 0 0 0 0 0 0 0 0 0 0 0 0 1 0 1 0 0 0 0 0 0 0 0 0 0 0 0 0 0 0 0 0 0 0 0 0 1 0 0 0 0 0 0 0 0 0 0 0 0 0 0 0 0 0 0 0 0 0 0 0 0 0 0 0 0 0 0 1 0 0 0 0 0 0 0 0 0 0 0 0 0 0 0 0 0 0 0 0 0 0 0 1 0 0 0 0 0 0 0 1 0 0 0 0 0 0 0 
1 0 0 0 0 0 0 0 0 0 1 0 0 1 0 0 0 0 0 0 0 0 0 0 0 0 0 0 0 0 0 0 0 0 0 0 0 1 0 0 0 0 0 0 0 0 1 0 0 0 0 0 0 0 1 0 0 0 0 0 0 0 0 0 0 0 0 0 1 0 0 1 0 0 0 0 0 0 0 0 0 0 0 0 0 0 0 0 0 0 0 1 0 0 0 0 0 1 0 0 0 0 0 0 0 0 0 0 0 0 0 0 0 0 0 0 0 0 0 0 
1 0 0 0 0 0 0 0 0 0 0 1 0 0 0 0 0 0 0 0 0 0 0 0 0 0 0 0 0 0 0 0 0 0 0 0 0 0 0 0 0 0 0 0 0 0 0 0 0 0 1 0 0 0 0 0 0 0 0 0 0 0 0 0 0 0 0 1 0 0 0 0 1 0 0 0 0 1 0 0 0 0 0 1 0 0 0 0 0 0 0 0 0 0 0 0 0 0 0 1 0 1 0 0 0 0 0 0 0 0 0 0 0 0 0 0 0 0 0 0 
1 0 0 0 0 0 0 1 0 0 0 0 1 0 0 0 0 0 1 0 0 0 0 0 1 0 0 0 0 0 0 0 0 0 1 0 0 0 1 0 0 0 1 0 0 0 0 0 0 0 0 1 0 0 0 0 0 1 0 0 0 0 1 0 0 0 0 0 0 0 0 0 0 0 0 0 0 0 0 0 0 1 0 0 0 0 0 0 0 0 0 0 0 0 0 0 0 0 0 0 0 0 0 0 0 0 1 0 0 0 1 0 0 0 0 0 0 0 0 0 
1 0 0 0 0 0 0 0 0 0 1 0 0 1 0 0 0 0 0 0 0 0 0 0 0 0 1 0 0 0 0 0 0 0 0 0 0 0 0 0 0 0 0 0 0 0 0 0 0 0 0 0 0 1 0 0 1 0 1 0 0 0 0 0 0 0 1 0 1 0 0 0 0 0 0 0 0 0 0 0 0 0 0 0 0 0 0 0 0 0 0 0 0 0 0 0 0 0 0 0 0 0 1 0 0 0 0 0 0 0 0 0 0 0 0 0 0 0 0 0 
1 0 1 0 0 0 0 0 0 0 0 0 0 0 1 0 0 0 0 0 0 0 0 0 0 0 0 0 0 0 0 0 0 0 0 0 0 0 0 0 0 0 0 1 0 0 0 0 0 0 0 0 0 0 0 0 0 0 0 0 0 0 0 0 0 1 0 0 0 0 0 0 0 0 0 0 1 0 0 0 0 0 1 0 0 0 0 0 0 0 0 0 0 0 0 0 0 0 0 0 0 0 0 0 0 0 0 0 0 1 0 0 0 0 0 1 0 0 0 0 
1 0 0 0 0 0 0 0 0 0 0 0 0 0 0 1 0 0 0 0 0 0 0 0 0 0 0 0 0 0 0 0 0 0 1 0 0 0 1 0 0 0 1 0 0 0 0 0 1 0 0 0 0 0 0 0 0 0 0 0 0 0 0 0 0 0 0 0 0 0 0 0 0 0 0 1 0 0 0 0 0 0 0 0 0 0 1 0 1 0 0 0 0 0 0 0 0 0 1 0 0 0 0 0 0 0 0 0 0 0 0 0 0 0 0 0 0 0 0 0 
1 0 0 0 0 0 0 0 0 0 0 0 0 0 0 0 1 0 0 0 0 0 1 0 0 0 0 0 0 0 1 0 0 0 0 0 0 0 0 0 0 0 0 0 0 0 0 0 0 0 0 0 0 0 0 0 0 1 0 0 0 0 0 0 0 0 0 0 0 0 0 0 0 0 1 0 0 0 0 0 0 1 0 0 0 0 0 1 0 0 0 0 0 0 0 1 0 0 0 0 0 0 0 0 0 0 0 0 0 0 0 0 0 0 0 0 0 0 0 0 
1 1 0 0 0 0 1 0 0 0 0 0 0 0 0 0 0 1 0 0 0 1 0 0 0 0 0 0 0 0 0 0 0 0 0 0 0 0 0 0 0 0 0 0 0 0 0 0 0 0 0 0 0 0 0 0 0 0 0 1 0 1 0 0 0 0 0 0 0 1 0 0 0 0 0 0 0 0 0 0 0 0 0 0 0 0 0 0 0 0 0 0 0 0 0 0 1 0 0 0 0 0 0 0 0 0 0 1 0 0 0 0 0 0 0 0 0 0 0 0 
1 0 0 0 0 0 0 0 0 0 0 0 1 0 0 0 0 0 1 0 0 0 0 0 1 0 0 0 0 0 0 0 0 0 1 0 0 0 1 1 0 0 1 0 0 0 0 0 0 0 0 0 0 0 0 0 0 0 0 0 0 0 0 0 0 0 0 0 0 0 0 0 0 0 0 1 0 0 0 0 0 0 0 0 0 0 0 0 0 0 0 0 0 0 0 0 0 0 0 0 0 0 0 0 0 0 1 0 0 0 1 0 0 0 0 0 0 0 0 0 
1 0 0 0 0 0 0 0 0 0 0 0 0 0 0 0 0 0 0 1 0 0 0 0 0 0 0 0 0 0 0 0 0 0 0 0 0 0 0 0 0 0 0 0 0 0 0 0 0 0 0 0 1 1 0 0 0 0 0 0 0 0 0 0 0 0 0 0 0 0 0 0 0 0 0 0 0 0 0 0 0 0 0 0 0 0 1 0 0 0 0 0 0 0 0 0 0 0 1 0 1 0 1 0 0 0 0 0 0 0 0 0 0 0 0 0 0 0 1 0 
1 0 0 0 0 1 0 0 0 0 0 0 0 0 0 0 0 0 0 0 1 0 0 0 1 0 0 0 0 0 0 0 0 0 0 0 0 0 0 0 0 0 0 0 0 0 0 0 0 0 0 1 0 0 0 0 0 1 0 0 0 0 0 0 0 0 0 0 0 0 1 0 0 0 0 0 0 0 0 0 0 1 0 0 0 0 0 1 0 0 0 0 0 0 0 0 0 0 0 0 0 0 0 0 0 0 1 0 0 0 0 0 0 0 0 0 0 0 0 0 
1 1 0 0 0 0 0 0 0 0 0 0 0 0 0 0 0 1 0 0 0 1 0 0 0 0 0 0 0 0 0 0 0 0 0 0 0 0 0 0 0 0 0 0 0 0 0 0 0 0 0 0 0 0 0 0 0 0 0 0 0 1 0 0 0 0 0 0 0 1 0 0 0 0 0 0 0 0 0 0 0 0 0 0 0 0 0 0 0 0 1 0 0 0 0 0 1 0 0 0 0 0 0 0 0 0 0 1 0 0 0 0 0 0 0 0 0 0 0 0 
1 0 0 0 0 1 0 0 0 0 0 0 0 0 0 0 0 0 0 0 1 0 1 1 0 0 0 0 0 0 1 0 0 0 0 1 0 0 0 0 0 0 0 0 0 0 0 0 0 0 0 0 0 0 0 0 0 0 0 0 1 0 0 0 0 0 0 0 0 0 0 0 0 0 0 0 0 0 0 0 0 0 0 0 0 0 0 1 0 0 0 0 0 0 0 1 0 0 0 0 0 0 0 0 0 0 0 0 0 0 0 0 0 0 0 0 0 0 0 0 
1 0 0 0 0 0 0 0 0 0 0 0 0 0 0 0 0 0 0 0 0 0 1 1 0 0 0 0 0 0 1 0 0 0 0 1 0 0 0 0 0 0 0 0 0 0 0 0 0 0 0 0 0 0 0 0 0 0 0 0 1 0 0 1 0 0 0 0 0 1 0 0 0 0 0 0 0 0 0 0 0 0 0 0 0 0 0 0 0 0 0 0 0 0 0 0 0 0 0 0 0 0 0 0 0 0 0 0 0 1 0 0 0 0 1 0 0 0 0 0 
1 0 0 0 0 0 0 1 0 0 0 0 0 0 0 0 0 0 0 0 1 0 0 0 1 0 0 0 0 0 0 0 0 0 0 0 0 0 0 0 0 0 0 0 0 0 0 0 0 0 0 1 0 0 0 0 0 0 0 0 0 0 1 0 0 0 0 0 0 0 1 0 0 0 0 0 0 0 0 0 0 0 0 0 0 0 0 0 0 0 0 0 0 0 0 0 0 0 0 0 0 0 0 0 0 0 1 0 0 0 0 1 0 0 0 0 0 0 0 0 
1 0 0 0 0 0 0 0 0 1 0 0 0 0 0 0 0 0 0 0 0 0 0 0 0 1 0 0 1 0 0 0 0 0 0 0 0 0 0 0 0 0 0 0 0 0 0 0 0 1 0 0 0 0 0 0 0 0 0 0 0 0 0 0 0 0 0 1 0 0 0 0 0 0 0 0 0 0 0 0 0 0 0 0 0 0 0 0 0 0 0 0 0 0 0 0 0 0 0 1 0 0 0 0 1 0 0 0 0 0 0 0 1 0 0 0 1 0 0 0 
1 0 0 0 0 0 0 0 0 0 0 0 0 1 0 0 0 0 0 1 0 0 0 0 0 0 1 0 0 0 0 0 0 0 0 0 0 0 0 0 0 0 0 0 0 0 0 0 0 0 0 0 0 1 0 0 1 0 1 0 0 0 0 0 0 0 1 0 0 0 0 0 0 0 0 0 0 0 0 0 0 0 0 0 0 0 0 0 0 0 0 0 0 0 0 0 0 0 0 0 0 0 1 0 0 0 0 0 0 0 0 0 0 0 0 0 0 0 0 0 
1 0 0 0 1 0 1 0 0 1 0 0 0 0 0 0 0 0 0 0 0 0 0 0 0 0 0 1 0 0 0 0 0 0 0 0 0 0 0 0 0 0 0 0 0 0 0 0 0 0 0 0 0 0 0 0 0 0 0 1 0 0 0 0 1 0 0 0 0 0 0 0 0 0 0 0 0 0 0 0 1 0 0 0 0 0 0 0 0 0 0 0 0 0 0 0 0 0 0 0 0 0 0 0 0 0 0 0 0 0 0 0 0 1 0 0 0 0 0 0 
1 0 0 0 0 0 0 0 0 0 0 0 0 0 0 0 0 0 0 0 0 0 0 0 0 1 0 0 1 1 0 0 0 0 0 0 1 0 0 0 0 0 0 0 0 0 0 0 0 0 0 0 0 0 0 0 0 0 0 0 0 0 0 0 0 0 0 1 0 0 0 0 0 0 0 0 0 0 0 0 0 0 0 0 0 0 0 0 0 0 0 0 0 0 1 0 0 0 0 1 0 0 0 0 1 1 0 0 0 0 0 0 1 0 0 0 1 0 0 0 
1 0 0 0 1 0 0 0 0 0 0 0 0 0 0 0 0 0 0 0 0 0 0 0 0 0 0 0 1 1 0 0 0 0 0 0 0 0 0 0 0 0 0 0 0 0 0 0 0 0 0 0 0 0 0 0 0 0 0 0 0 0 0 0 0 0 0 1 0 0 0 0 0 0 0 0 0 0 0 0 0 0 0 0 0 0 0 0 0 0 0 0 1 0 1 0 0 0 0 1 0 0 0 0 0 1 0 0 0 0 0 0 0 0 0 0 1 0 0 0 
1 0 0 0 0 1 0 0 0 0 0 0 0 0 0 0 0 0 0 0 0 0 1 1 0 0 0 0 0 0 1 0 0 0 0 1 0 0 0 0 0 0 0 0 0 0 0 0 0 0 0 0 0 0 0 0 0 0 0 0 1 0 0 0 0 0 0 0 0 0 0 0 0 0 0 0 0 0 0 0 0 0 0 0 0 0 0 1 0 0 0 0 0 0 0 0 0 0 0 0 0 0 0 0 0 0 0 0 0 0 0 0 0 0 1 0 0 0 0 0 
1 0 0 1 0 0 0 0 0 0 0 0 0 0 0 0 0 0 0 0 0 0 0 0 0 0 0 0 0 0 0 1 0 0 0 0 1 1 0 0 0 0 0 0 0 0 0 0 0 0 0 0 0 0 0 0 0 0 0 0 0 0 0 0 0 0 0 0 0 0 0 0 0 0 0 0 0 0 0 0 0 0 0 0 1 1 0 0 0 0 0 0 1 0 0 0 0 1 0 0 0 0 0 1 0 1 0 0 0 0 0 0 0 0 0 0 0 0 0 0 
1 0 0 1 0 0 0 0 0 0 0 0 0 0 0 0 0 0 0 0 0 0 0 0 0 0 0 0 0 0 0 0 1 0 0 0 0 0 0 0 1 0 0 0 0 0 0 0 0 0 0 0 0 0 1 1 0 0 0 0 0 0 0 0 0 0 0 0 0 0 0 0 1 1 0 0 0 1 0 0 0 0 0 0 0 0 0 0 0 0 0 0 0 0 0 0 0 0 0 0 0 0 0 1 0 0 0 0 0 0 0 0 0 0 0 0 0 0 0 1 
1 0 0 0 0 0 0 0 1 1 0 0 0 0 0 0 0 0 0 0 0 0 0 0 0 0 0 0 0 0 0 0 0 1 0 0 0 0 0 0 0 0 0 0 0 1 0 0 0 1 0 0 0 0 0 0 0 0 0 0 0 0 0 0 1 0 0 0 0 0 0 0 0 0 0 0 0 0 0 1 1 0 0 0 0 0 0 0 0 0 0 0 0 0 0 0 0 0 0 0 0 0 0 0 0 0 0 0 0 0 0 0 0 1 0 0 0 1 0 0 
1 0 0 0 0 0 0 0 0 0 0 0 1 0 0 0 0 0 1 0 0 0 0 0 0 0 0 0 0 0 0 0 0 0 1 0 0 0 1 0 0 0 1 0 0 0 0 0 0 0 0 0 0 0 0 0 0 0 0 0 0 0 0 0 0 0 0 0 0 0 0 0 0 0 0 1 0 0 0 0 0 0 0 0 0 0 0 0 0 0 0 0 0 1 0 0 0 0 0 0 0 0 0 0 0 0 0 0 0 0 1 0 0 0 0 0 0 0 0 0 
1 0 0 0 0 0 0 0 0 0 0 0 0 0 0 0 0 0 0 0 0 0 1 1 0 0 0 0 0 0 1 0 0 0 0 1 0 0 0 0 0 1 0 0 0 0 0 0 0 0 0 0 0 0 0 0 0 0 0 0 1 0 0 1 0 0 0 0 0 1 0 0 0 0 0 0 0 0 0 0 0 0 0 0 0 0 0 0 0 0 0 0 0 0 0 0 0 0 0 0 0 0 0 0 0 0 0 0 0 1 0 0 0 0 1 0 0 0 0 0 
1 0 0 0 0 0 0 0 0 0 0 0 0 0 0 0 0 0 0 0 0 0 0 0 0 0 0 0 0 0 0 1 0 0 0 0 1 0 0 0 0 0 0 0 0 0 0 0 0 0 1 0 0 0 0 0 0 0 0 0 0 0 0 0 0 0 0 1 0 0 0 0 0 0 0 0 0 0 0 0 0 0 0 1 1 1 0 0 0 0 0 0 0 0 0 0 0 0 0 0 0 0 0 0 0 1 0 0 0 0 0 0 0 0 0 0 0 0 0 0 
1 0 0 1 0 0 0 0 0 0 0 0 0 0 0 0 0 0 0 0 0 0 0 0 0 0 0 0 0 0 0 1 0 0 0 0 1 1 0 0 0 0 0 0 0 0 0 0 0 0 0 0 0 0 0 0 0 0 0 0 0 0 0 0 0 0 0 0 0 0 0 0 0 0 0 0 0 0 0 0 0 0 0 0 1 1 0 0 0 0 0 1 1 0 0 0 0 1 0 0 0 0 0 1 0 1 0 0 0 0 0 0 0 0 0 0 0 0 0 0 
1 0 0 0 0 0 0 0 0 0 0 0 1 0 0 0 0 0 1 0 0 0 0 0 0 0 0 0 0 0 0 0 0 0 1 0 0 0 1 0 0 0 1 0 0 0 0 0 0 0 0 0 0 0 0 0 0 0 0 0 0 0 0 0 0 0 0 0 0 0 0 0 0 0 0 1 0 0 0 0 0 0 0 0 0 0 0 0 0 0 0 0 0 1 0 0 0 0 1 0 0 0 0 0 0 0 0 0 0 0 1 0 0 0 0 0 0 0 0 0 
1 1 0 0 0 0 0 0 0 0 0 0 0 0 0 0 0 0 1 0 0 0 0 0 0 0 0 0 0 0 0 0 0 0 1 0 0 0 0 1 0 0 1 0 0 0 0 0 0 0 0 0 0 0 0 0 0 0 0 0 0 0 0 0 0 0 0 0 0 0 0 0 0 0 0 0 0 0 0 0 0 0 0 0 0 0 0 0 0 0 1 0 0 1 0 0 0 0 1 0 0 0 0 0 0 0 0 0 1 0 1 1 0 0 0 0 0 0 1 0 
1 0 0 1 0 0 0 0 0 0 0 0 0 0 0 0 0 0 0 0 0 0 0 0 0 0 0 0 0 0 0 0 1 0 0 0 0 0 0 0 1 0 0 0 0 0 0 0 0 0 0 0 0 0 0 1 0 0 0 0 0 0 0 0 0 0 0 0 0 0 0 0 1 1 0 0 0 1 0 0 0 0 0 0 0 0 0 0 0 0 0 0 0 0 0 0 0 0 0 0 0 1 0 1 0 0 0 0 0 0 0 0 0 0 0 0 0 0 0 1 
1 0 1 0 0 0 0 0 0 0 0 0 0 0 0 0 0 0 0 0 0 0 0 1 0 0 0 0 0 0 0 0 0 0 0 1 0 0 0 0 0 1 0 1 0 0 0 1 0 0 0 0 0 0 0 0 0 0 0 0 0 0 0 1 0 0 0 0 0 1 0 0 0 0 0 0 0 0 0 0 0 0 0 0 0 0 0 0 0 0 0 0 0 0 0 0 0 0 0 0 0 0 0 0 0 0 0 0 0 1 0 0 0 0 0 1 0 0 0 0 
1 0 0 0 0 0 0 0 0 0 0 0 1 0 0 0 0 0 1 0 0 0 0 0 0 0 0 0 0 0 0 0 0 0 1 0 0 0 1 0 0 0 1 0 0 0 0 0 0 0 0 0 0 0 0 0 0 0 0 0 0 0 0 0 0 0 0 0 0 0 0 0 0 0 0 1 0 0 0 0 0 0 0 0 0 0 0 0 0 0 0 0 0 1 0 0 0 0 0 0 0 0 0 0 0 0 0 0 0 0 1 0 0 0 0 0 0 0 0 0 
1 0 1 0 0 0 0 0 0 0 0 0 0 0 1 0 0 0 0 0 0 0 0 0 0 0 0 0 0 0 0 0 0 0 0 0 0 0 0 0 0 1 0 1 0 0 0 1 0 0 0 0 0 0 0 0 0 0 0 0 0 0 0 0 0 0 0 0 0 0 0 0 0 0 0 0 1 0 0 0 0 0 1 0 0 0 0 0 0 0 0 0 0 0 0 0 0 0 0 0 0 0 0 0 0 0 0 0 0 0 0 0 0 0 0 1 0 0 0 0 
1 0 0 0 0 0 0 0 1 0 0 0 0 0 0 0 0 0 0 0 0 0 0 0 0 0 0 0 0 0 0 0 0 0 0 0 0 0 0 0 0 0 0 0 1 1 0 0 0 0 0 0 0 0 0 0 0 0 0 0 0 0 0 0 1 1 0 0 0 0 0 0 0 0 0 0 1 0 0 0 0 0 0 0 0 0 0 0 0 0 0 0 0 0 0 0 0 0 0 0 0 0 0 0 0 0 0 0 0 0 0 0 0 1 0 0 0 1 0 0 
1 0 0 0 0 0 0 0 1 0 0 0 0 0 0 0 0 0 0 0 0 0 0 0 0 0 0 0 0 0 0 0 0 1 0 0 0 0 0 0 0 0 0 0 1 1 0 0 0 0 0 0 0 0 0 0 0 0 0 0 0 0 0 0 0 1 0 0 0 0 0 0 0 0 0 0 1 0 0 1 0 0 0 0 0 0 0 0 0 0 0 0 0 0 0 0 0 0 0 0 0 0 0 0 0 0 0 0 0 0 0 0 0 0 0 0 0 1 0 0 
1 0 0 1 0 0 0 0 0 0 1 0 0 0 0 0 0 0 0 0 0 0 0 0 0 0 0 0 0 0 0 0 1 0 0 0 0 0 0 0 0 0 0 0 0 0 1 0 0 0 0 0 0 0 1 1 0 0 0 0 0 0 0 0 0 0 0 0 0 0 0 1 0 1 0 0 0 0 0 0 0 0 0 0 1 0 0 0 0 0 0 0 0 0 0 0 0 1 0 0 0 0 0 0 0 0 0 0 0 0 0 0 0 0 0 0 0 0 0 0 
1 0 1 0 0 0 0 0 0 0 0 0 0 0 1 0 0 0 0 0 0 0 0 0 0 0 0 0 0 0 0 0 0 0 0 0 0 0 0 0 0 1 0 1 0 0 0 1 0 0 0 0 0 0 0 0 0 0 0 0 0 0 0 1 0 0 0 0 0 0 0 0 0 0 0 0 0 0 0 0 0 0 0 0 0 0 0 0 0 0 0 0 0 0 0 0 0 0 0 0 0 0 0 0 0 0 0 0 0 1 0 0 0 0 0 1 0 0 0 0 
1 0 0 0 0 0 0 0 0 0 0 0 0 0 0 1 0 0 0 0 0 0 0 0 0 0 0 0 0 0 0 0 0 0 0 0 0 0 1 0 0 0 1 0 0 0 0 0 1 0 0 0 0 0 0 0 0 0 0 0 0 0 0 0 0 0 0 0 0 0 0 0 0 0 0 1 0 0 0 0 0 0 0 0 0 0 1 0 1 0 0 0 0 0 0 0 0 0 1 0 0 0 0 0 0 0 0 0 0 0 0 0 0 0 0 0 0 0 0 0 
1 0 0 0 0 0 0 0 0 1 0 1 0 0 0 0 0 0 0 0 0 0 0 0 0 1 0 0 1 0 0 0 0 1 0 0 0 0 0 0 0 0 0 0 0 0 0 0 0 1 0 0 0 0 0 0 0 0 0 0 0 0 0 0 0 0 0 0 0 0 0 0 0 0 0 0 0 0 0 0 1 0 0 0 0 0 0 0 0 0 0 0 0 0 0 0 0 0 0 1 0 0 0 0 1 0 0 0 0 0 0 0 1 0 0 0 0 0 0 0 
1 0 0 1 0 0 0 0 0 0 0 0 0 0 0 0 0 0 0 0 0 0 0 0 0 0 0 0 0 0 0 0 0 0 0 0 1 0 0 0 0 0 0 0 0 0 0 0 0 0 1 0 0 0 0 0 0 0 0 0 0 0 0 0 0 0 0 0 0 0 0 0 1 0 0 0 0 1 0 0 0 0 0 1 1 0 0 0 0 0 0 0 0 0 0 0 0 0 0 0 0 0 0 1 0 0 0 0 0 0 0 0 0 0 0 0 0 0 0 1 
1 0 0 0 0 0 0 1 0 0 0 0 0 0 0 0 0 0 0 0 1 0 0 0 1 0 0 0 0 0 0 0 0 0 0 0 0 0 0 0 0 0 0 0 0 0 0 0 0 0 0 1 0 0 0 0 0 1 0 0 0 0 1 0 0 0 0 0 0 0 1 0 0 0 0 0 0 0 0 0 0 1 0 0 0 0 0 0 0 0 0 0 0 0 0 0 0 0 0 0 0 0 0 0 0 0 1 0 0 0 0 0 0 0 0 0 0 0 0 0 
1 0 0 0 0 0 0 0 0 0 0 0 0 0 0 0 0 0 0 1 0 0 0 0 0 0 0 0 0 0 0 0 0 0 0 0 0 0 0 0 0 0 0 0 0 0 0 0 0 0 0 0 1 1 0 0 0 0 0 0 0 0 0 0 0 0 0 0 0 0 0 0 0 0 0 0 0 0 1 0 0 0 0 0 0 0 0 0 0 0 1 0 0 1 0 0 0 0 0 0 0 0 1 0 0 0 0 0 1 0 0 0 0 0 0 0 0 0 1 0 
1 0 0 0 0 0 0 0 0 0 0 0 0 0 0 0 0 0 0 1 0 0 0 0 0 0 1 0 0 0 0 0 0 0 0 0 0 0 0 0 0 0 0 0 0 0 0 0 0 0 0 0 1 1 0 0 0 0 1 0 0 0 0 0 0 0 1 0 0 0 0 0 0 0 0 0 0 0 0 0 0 0 0 0 0 0 0 0 0 0 0 0 0 0 0 0 0 0 0 0 1 0 1 0 0 0 0 0 0 0 0 0 0 0 0 0 0 0 0 0 
1 0 0 0 0 0 0 0 0 0 0 0 0 0 0 0 0 0 0 0 0 0 0 0 0 0 0 0 0 0 0 0 1 0 0 0 0 0 0 0 1 0 0 0 0 0 1 0 0 0 0 0 0 0 1 1 0 0 0 0 0 0 0 0 0 0 0 0 0 0 0 1 0 1 0 0 0 0 0 0 0 0 0 0 0 0 0 0 0 0 0 0 0 0 0 0 0 0 0 0 0 0 0 0 0 0 0 0 0 0 0 0 0 0 0 0 0 0 0 1 
1 0 0 0 0 0 0 0 0 0 0 0 0 0 0 0 0 0 0 0 0 0 0 0 0 0 0 0 0 0 0 0 1 0 0 0 0 0 0 0 1 0 0 0 0 0 0 0 0 0 0 0 0 0 1 1 0 0 0 0 0 0 0 0 0 0 0 0 0 0 0 1 0 1 0 0 0 1 0 0 0 0 0 0 0 0 0 0 0 0 0 0 0 0 0 0 0 0 0 0 0 1 0 0 0 0 0 0 0 0 0 0 0 0 0 0 0 0 0 1 
1 0 0 0 0 0 0 0 0 0 1 0 0 1 0 0 0 0 0 0 0 0 0 0 0 0 1 0 0 0 0 0 0 0 0 0 0 0 0 0 0 0 0 0 0 0 1 0 0 0 0 0 0 0 0 0 1 0 1 0 0 0 0 0 0 0 1 0 1 0 0 0 0 0 0 0 0 0 0 0 0 0 0 0 0 0 0 0 0 0 0 1 0 0 0 0 0 0 0 0 0 0 0 0 0 0 0 0 0 0 0 0 0 0 0 0 0 0 0 0 
1 0 0 0 0 0 0 1 0 0 0 0 0 0 0 0 0 0 0 0 1 0 0 0 1 0 0 0 0 0 0 0 0 0 0 0 0 0 0 0 0 0 0 0 0 0 0 0 0 0 0 1 0 0 0 0 0 1 0 0 0 0 1 0 0 0 0 0 0 0 1 0 0 0 0 0 0 0 0 0 0 1 0 0 0 0 0 0 0 0 0 0 0 0 0 0 0 0 0 0 0 0 0 0 0 0 1 0 0 0 0 0 0 0 0 0 0 0 0 0 
1 0 0 0 0 0 0 0 0 0 0 0 0 1 0 0 0 0 0 1 0 0 0 0 0 0 1 0 0 0 0 0 0 0 0 0 0 0 0 0 0 0 0 0 0 0 0 0 0 0 0 0 0 1 0 0 1 0 1 0 0 0 0 0 0 0 1 0 0 0 0 0 0 0 0 0 0 0 0 0 0 0 0 0 0 0 0 0 0 0 0 0 0 0 0 0 0 0 0 0 0 0 1 0 0 0 0 0 0 0 0 0 0 0 0 0 0 0 0 0 
1 0 0 0 1 0 1 0 0 0 0 0 0 0 1 0 0 1 0 0 0 0 0 0 0 0 0 1 0 0 0 0 0 0 0 0 0 0 0 0 0 0 0 1 0 0 0 0 0 0 0 0 0 0 0 0 0 0 0 1 0 1 0 0 0 0 0 0 0 1 0 0 0 0 0 0 0 0 0 0 0 0 1 0 0 0 0 0 0 1 0 0 0 0 0 0 0 0 0 0 0 0 0 0 0 0 0 0 0 0 0 0 0 0 0 0 0 0 0 0 
1 0 0 0 0 1 0 0 0 0 0 0 0 0 0 0 0 0 0 0 0 0 1 1 0 0 0 0 0 0 1 0 0 0 0 1 0 0 0 0 0 0 0 0 0 0 0 0 0 0 0 0 0 0 0 0 0 0 0 0 1 0 0 1 0 0 0 0 0 1 0 0 0 0 0 0 0 0 0 0 0 0 0 0 0 0 0 1 0 0 0 0 0 0 0 0 0 0 0 0 0 0 0 0 0 0 0 0 0 0 0 0 0 0 1 0 0 0 0 0 
1 1 0 0 0 0 1 0 0 0 0 0 0 0 0 0 0 1 0 0 0 1 0 0 0 0 0 0 0 0 0 0 0 0 0 0 0 0 0 0 0 0 0 0 0 0 0 0 0 0 0 0 0 0 0 0 0 0 0 1 0 1 0 0 0 0 0 0 0 0 0 0 0 0 0 0 0 0 1 0 0 0 0 0 0 0 0 0 0 1 0 0 0 0 1 0 1 0 0 0 0 0 0 0 0 0 0 1 0 0 0 0 0 0 0 0 0 0 0 0 
1 0 0 0 0 0 0 1 0 0 0 0 1 0 0 0 0 0 0 0 0 0 0 0 1 0 0 0 0 0 0 0 0 0 0 0 0 0 0 0 0 0 0 0 0 0 0 0 0 0 0 1 0 0 0 0 0 1 0 0 0 0 1 0 0 0 0 0 0 0 0 0 0 0 0 0 0 0 0 0 0 1 0 0 0 0 0 0 0 0 0 0 0 0 0 0 0 0 0 0 0 0 0 0 0 0 1 0 0 0 0 0 0 0 0 0 0 0 0 0 
1 0 1 0 0 0 0 0 0 0 0 0 0 0 0 0 0 0 0 0 0 0 0 1 0 0 0 0 0 0 0 0 0 0 0 1 0 0 0 0 0 1 0 0 0 0 0 0 0 0 0 0 0 0 0 0 0 0 0 0 0 0 0 1 0 0 0 0 0 1 0 0 0 0 0 0 0 0 0 0 0 0 0 0 0 0 0 0 0 0 0 0 0 0 0 0 0 0 0 0 0 0 0 0 0 0 0 0 0 1 0 0 0 0 1 0 0 0 0 0 
1 0 0 0 0 0 0 0 1 0 0 0 0 0 0 0 0 0 0 0 0 0 0 0 0 0 0 1 0 0 0 0 0 0 0 0 0 0 0 0 0 0 0 0 0 0 0 0 0 0 0 0 0 0 0 0 0 0 0 0 0 0 0 0 1 1 0 0 0 0 0 0 0 0 0 0 1 0 0 0 0 0 1 0 0 0 0 0 0 0 0 0 0 0 0 0 0 0 0 0 0 0 0 0 0 0 0 0 0 0 0 0 0 1 0 0 0 1 0 0 
1 0 0 0 0 0 0 0 1 0 0 0 0 0 1 0 0 0 0 0 0 0 0 0 0 0 0 0 0 0 0 0 0 0 0 0 0 0 0 0 0 0 0 0 1 1 0 0 0 0 0 0 0 0 0 0 0 0 0 0 0 0 0 0 1 1 0 0 0 0 0 0 0 0 0 0 1 0 0 0 0 0 0 0 0 0 0 0 0 0 0 0 0 0 0 0 0 0 0 0 0 0 0 0 0 0 0 0 0 0 0 0 0 1 0 0 0 1 0 0 
1 0 0 0 0 0 0 0 0 0 0 0 0 1 0 0 0 0 0 0 0 0 0 0 0 0 1 0 0 0 0 0 0 0 0 0 0 0 0 0 0 0 0 0 0 0 0 0 0 0 0 0 0 1 0 0 1 0 1 0 0 0 0 0 0 0 1 0 1 0 0 0 0 0 0 0 0 0 0 0 0 0 0 0 0 0 0 0 0 0 0 0 0 0 0 0 0 0 0 0 0 0 1 0 0 0 0 0 0 0 0 0 0 0 0 0 0 0 0 0 
1 0 0 0 0 0 0 0 0 0 0 0 0 0 0 0 0 0 0 0 0 0 0 0 0 1 0 0 1 1 0 0 0 0 0 0 1 0 0 0 0 0 0 0 0 0 0 0 0 0 0 0 0 0 0 0 0 0 0 0 0 0 0 0 0 0 0 1 0 0 0 0 0 0 0 0 0 0 0 0 0 0 0 0 0 0 0 0 0 0 0 0 0 0 0 0 0 0 0 1 0 0 0 0 0 1 0 0 0 0 0 0 1 0 0 0 0 0 0 0 
1 0 0 0 0 0 0 0 0 0 1 0 0 1 0 0 0 0 0 0 0 0 0 0 0 0 0 0 0 0 0 0 0 0 0 0 0 0 0 0 0 0 0 0 0 0 0 0 0 0 0 0 0 1 0 0 1 0 0 0 0 0 0 0 0 0 1 0 1 0 0 0 0 0 0 0 0 0 0 0 0 0 0 0 0 0 0 0 0 0 0 1 0 0 0 0 0 1 0 0 0 0 1 0 0 0 0 0 0 0 0 0 0 0 0 0 0 0 0 0 
1 0 0 0 0 0 1 0 0 0 0 0 0 0 0 0 0 1 0 0 0 0 0 1 0 0 0 0 0 0 0 0 0 0 0 1 0 0 0 0 0 0 0 0 0 0 0 0 0 0 0 0 0 0 0 0 0 0 0 0 1 0 0 1 0 0 0 0 0 1 0 0 0 0 0 0 0 0 0 0 0 0 0 0 0 0 0 0 0 0 0 0 0 0 0 0 0 0 0 0 0 0 0 0 0 0 0 1 0 1 0 0 0 0 1 0 0 0 0 0 
1 0 0 0 0 1 0 0 0 0 0 0 0 0 0 0 0 0 0 0 1 0 0 0 1 0 0 0 0 0 0 0 0 0 0 0 0 0 0 0 0 0 0 0 0 0 0 0 0 0 0 1 0 0 0 0 0 1 0 0 0 0 0 0 0 0 0 0 0 0 1 0 0 0 0 0 0 0 0 0 0 1 0 0 0 0 0 0 0 0 0 0 0 0 0 0 0 0 0 0 0 0 0 0 0 0 1 0 0 0 0 1 0 0 0 0 0 0 0 0 
1 0 0 0 0 0 0 0 0 0 0 0 0 0 0 0 0 0 0 0 0 0 0 0 0 0 0 0 0 0 0 0 1 0 0 0 0 0 0 0 1 0 0 0 0 0 1 0 0 0 0 0 0 0 1 1 0 0 0 0 0 0 0 0 0 0 0 0 0 0 0 1 0 1 0 0 0 0 0 0 0 0 0 0 0 0 0 0 0 0 0 0 0 0 0 0 0 0 0 0 0 0 0 0 0 0 0 0 0 0 0 0 0 0 0 0 0 0 0 1 
1 0 0 1 0 0 0 0 0 0 0 0 0 0 0 0 0 0 0 0 0 0 0 0 0 0 0 0 0 0 0 0 0 0 0 0 0 0 0 0 0 0 0 0 0 0 0 0 0 0 1 0 0 0 0 0 0 0 0 0 0 0 0 0 0 0 0 0 0 0 0 0 1 0 0 0 0 1 0 0 0 0 0 1 1 0 0 0 0 0 0 0 0 0 0 0 0 0 0 0 0 1 0 1 0 0 0 0 0 0 0 0 0 0 0 0 0 0 0 1 
1 0 0 1 0 0 0 0 0 0 0 0 0 0 0 0 0 0 0 0 0 0 0 0 0 0 0 0 0 0 0 0 1 0 0 0 0 0 0 0 1 0 0 0 0 0 0 0 0 0 0 0 0 0 1 1 0 0 0 0 0 0 0 0 0 0 0 0 0 0 0 1 0 1 0 0 0 0 0 0 0 0 0 0 0 0 0 0 0 0 0 0 0 0 0 0 0 0 0 0 0 0 0 1 0 0 0 0 0 0 0 0 0 0 0 0 0 0 0 1 
1 0 0 0 0 0 0 0 0 0 0 0 0 0 0 0 1 0 0 0 0 0 1 0 0 0 0 0 0 0 1 0 0 0 0 0 0 0 0 0 0 0 0 0 0 0 0 0 0 0 0 0 0 0 0 0 0 1 0 0 0 0 0 0 0 0 0 0 0 0 0 0 0 0 1 0 0 0 0 0 0 1 0 0 0 0 0 1 0 0 0 0 0 0 0 1 0 0 0 0 0 0 0 0 0 0 0 0 0 0 0 0 0 0 0 0 0 0 0 0 
1 0 0 0 0 0 0 0 0 0 0 0 0 0 0 1 0 0 1 0 0 0 0 0 0 0 0 0 0 0 0 0 0 0 1 0 0 0 1 0 0 0 1 0 0 0 0 0 0 0 0 0 0 0 0 0 0 0 0 0 0 0 0 0 0 0 0 0 0 0 0 0 0 0 0 1 0 0 0 0 0 0 0 0 0 0 0 0 0 0 0 0 0 1 0 0 0 0 1 0 0 0 0 0 0 0 0 0 0 0 1 0 0 0 0 0 0 0 0 0 
1 0 0 0 0 0 0 0 1 0 0 0 0 0 1 0 0 0 0 0 0 0 0 0 0 0 0 0 0 0 0 0 0 0 0 0 0 0 0 0 0 0 0 1 1 0 0 0 0 0 0 0 0 0 0 0 0 0 0 0 0 0 0 0 1 1 0 0 0 0 0 0 0 0 0 0 1 0 0 0 0 0 1 0 0 0 0 0 0 0 0 0 0 0 0 0 0 0 0 0 0 0 0 0 0 0 0 0 0 0 0 0 0 1 0 0 0 1 0 0 
1 0 0 1 0 0 0 0 0 0 0 0 0 0 0 0 0 0 0 0 0 0 0 0 0 0 0 0 0 0 0 0 1 0 0 0 0 0 0 0 1 0 0 0 0 0 0 0 0 0 1 0 0 0 0 0 0 0 0 0 0 0 0 0 0 0 0 0 0 0 0 0 1 0 0 0 0 1 0 0 0 0 0 1 1 0 0 0 0 0 0 0 0 0 0 0 0 0 0 0 0 1 0 1 0 0 0 0 0 0 0 0 0 0 0 0 0 0 0 1 
1 0 0 0 0 0 0 0 0 0 0 0 0 0 0 0 0 0 0 1 0 1 0 0 0 0 0 0 0 0 0 0 0 0 0 0 0 0 0 0 0 0 0 0 0 0 0 0 0 0 0 0 1 1 0 0 0 0 0 0 0 1 0 0 0 0 0 0 0 0 0 0 0 0 0 0 0 0 1 0 0 0 0 0 0 0 0 0 0 0 1 0 0 0 0 0 1 0 0 0 0 0 1 0 0 0 0 0 1 0 0 0 0 0 0 0 0 0 1 0 
1 0 0 0 0 0 0 0 1 0 0 0 0 0 0 0 0 0 0 0 0 0 0 0 0 0 0 0 0 0 0 0 0 1 0 0 0 0 0 0 0 0 0 0 0 1 0 0 0 1 0 0 0 0 0 0 0 0 0 0 0 0 0 0 0 1 0 0 0 0 0 0 0 0 0 0 0 0 0 1 1 0 0 0 0 0 0 0 0 0 0 0 0 0 0 0 0 0 0 0 0 0 0 0 0 0 0 0 0 0 0 0 0 0 0 0 0 1 0 0 
1 0 0 0 0 0 0 0 1 1 0 0 0 0 0 0 0 0 0 0 0 0 0 0 0 1 0 1 0 0 0 0 0 1 0 0 0 0 0 0 0 0 0 0 0 0 0 0 0 1 0 0 0 0 0 0 0 0 0 0 0 0 0 0 0 0 0 0 0 0 0 0 0 0 0 0 0 0 0 0 1 0 0 0 0 0 0 0 0 0 0 0 0 0 0 0 0 0 0 0 0 0 0 0 1 0 0 0 0 0 0 0 0 0 0 0 0 1 0 0 
1 0 0 0 0 0 0 1 0 0 0 0 0 0 0 0 0 0 0 0 1 0 0 0 1 0 0 0 0 0 0 0 0 0 0 0 0 0 0 0 0 0 0 0 0 0 0 0 0 0 0 1 0 0 0 0 0 1 0 0 0 0 1 0 0 0 0 0 0 0 1 0 0 0 0 0 0 0 0 0 0 1 0 0 0 0 0 0 0 0 0 0 0 0 0 0 0 0 0 0 0 0 0 0 0 0 1 0 0 0 0 0 0 0 0 0 0 0 0 0 
1 0 1 0 0 0 1 0 1 0 0 0 0 0 1 0 0 0 0 0 0 0 0 0 0 0 0 1 0 0 0 0 0 0 0 0 0 0 0 0 0 0 0 1 0 0 0 0 0 0 0 0 0 0 0 0 0 0 0 1 0 0 0 0 1 1 0 0 0 0 0 0 0 0 0 0 1 0 0 0 0 0 1 0 0 0 0 0 0 0 0 0 0 0 0 0 0 0 0 0 0 0 0 0 0 0 0 0 0 1 0 0 0 1 0 1 0 0 0 0 
1 0 0 1 0 0 0 0 0 0 0 0 0 0 0 0 0 0 0 0 0 0 0 0 0 0 0 0 0 0 0 0 0 0 0 0 1 0 0 0 0 0 0 0 0 0 0 0 0 0 1 0 0 0 0 0 0 0 0 0 0 0 0 0 0 0 0 0 0 0 0 0 1 0 0 0 0 1 0 0 0 0 0 1 1 0 0 0 0 0 0 0 0 0 0 0 0 0 0 0 0 1 0 1 0 0 0 0 0 0 0 0 0 0 0 0 0 0 0 1 
1 0 0 1 0 0 0 0 0 0 0 0 0 0 0 0 0 0 0 0 0 0 0 0 0 0 0 0 0 0 0 1 0 0 0 0 1 1 0 0 0 0 0 0 0 0 0 0 0 0 1 0 0 0 0 0 0 0 0 0 0 0 0 0 0 0 0 0 0 0 0 0 1 0 0 0 0 1 0 0 0 0 0 1 1 1 0 0 0 0 0 0 0 0 0 0 0 0 0 0 0 0 0 1 0 0 0 0 0 0 0 0 0 0 0 0 0 0 0 1 
1 0 0 0 0 0 0 0 0 0 0 0 0 0 0 0 0 0 0 0 0 0 0 0 0 0 0 0 0 0 0 1 0 0 0 0 1 1 0 0 0 0 0 0 0 0 0 0 0 0 0 0 0 0 0 0 0 0 0 0 0 0 0 0 0 0 0 0 0 0 0 0 0 0 0 0 0 0 0 0 0 0 0 0 1 1 0 0 0 0 0 0 1 0 0 0 0 1 0 0 0 0 0 1 0 1 0 0 0 0 0 0 0 0 0 0 0 0 0 0 
1 0 0 0 0 0 0 0 0 0 0 0 0 0 0 0 0 0 0 1 0 0 0 0 0 0 0 0 0 0 0 0 0 0 0 0 0 0 0 0 0 0 0 0 0 0 0 0 0 0 0 0 0 1 0 0 0 0 0 0 0 0 0 0 0 0 0 0 0 0 0 0 0 0 0 0 0 0 0 0 0 0 0 0 0 0 1 0 0 0 0 0 0 1 0 0 0 0 1 0 1 0 1 0 0 0 0 0 0 0 0 0 0 0 0 0 0 0 1 0 
1 0 0 0 0 1 0 0 0 0 0 0 0 0 0 0 0 0 0 0 1 0 1 0 0 0 0 0 0 0 1 0 0 0 0 0 0 0 0 0 0 0 0 0 0 0 0 0 0 0 0 0 0 0 0 0 0 0 0 0 1 0 0 0 0 0 0 0 0 0 1 0 0 0 0 0 0 0 0 0 0 0 0 0 0 0 0 1 0 0 0 0 0 0 0 0 0 0 0 0 0 0 0 0 0 0 0 0 0 0 0 0 0 0 1 0 0 0 0 0 
1 0 0 0 0 0 0 0 0 0 0 0 0 0 0 1 0 0 0 0 0 0 0 0 0 0 1 0 0 0 0 0 0 0 0 0 0 0 0 0 0 0 0 0 0 0 0 0 1 0 0 0 0 0 0 0 0 0 1 0 0 0 0 0 0 0 0 0 0 0 0 0 0 0 0 0 0 0 0 0 0 0 0 0 0 0 1 0 1 0 0 0 0 0 0 0 0 0 1 0 1 0 0 0 0 0 0 0 0 0 0 0 0 0 0 0 0 0 0 0 
1 0 0 0 1 0 0 0 0 0 0 0 0 0 0 0 0 0 0 0 0 0 0 0 0 0 0 0 1 1 0 0 0 0 0 0 0 0 0 0 0 0 0 0 0 0 0 0 0 0 0 0 0 0 0 0 0 0 0 1 0 1 0 0 0 0 0 0 0 0 0 0 0 0 0 0 0 0 0 0 0 0 0 0 0 0 0 0 0 1 0 0 0 0 1 0 0 0 0 0 0 0 0 0 0 0 0 0 0 0 0 0 1 0 0 0 1 0 0 0 
1 1 0 0 0 0 0 0 0 0 0 0 0 0 0 0 0 0 0 1 0 1 0 0 0 0 0 0 0 0 0 0 0 0 0 0 0 0 0 1 0 0 0 0 0 0 0 0 0 0 0 0 1 0 0 0 0 0 0 0 0 0 0 0 0 0 0 0 0 0 0 0 0 0 0 0 0 0 1 0 0 0 0 0 0 0 0 0 0 0 1 0 0 0 0 0 1 0 0 0 0 0 0 0 0 0 0 0 1 0 0 0 0 0 0 0 0 0 1 0 
1 0 0 1 0 0 0 0 0 0 1 0 0 0 0 0 0 0 0 0 0 0 0 0 0 0 0 0 0 0 0 1 0 0 0 0 0 1 0 0 0 0 0 0 0 0 0 0 0 0 0 0 0 0 0 0 0 0 0 0 0 0 0 0 0 0 0 0 1 0 0 0 0 0 0 0 0 0 0 0 0 0 0 0 1 1 0 0 0 0 0 1 1 0 0 0 0 1 0 0 0 0 0 0 0 0 0 0 0 0 0 0 0 0 0 0 0 0 0 0 
1 0 0 0 0 0 0 0 0 0 0 0 0 0 0 0 0 0 0 0 0 0 0 0 0 0 0 0 0 1 0 1 0 0 0 0 1 1 0 0 0 0 0 0 0 0 0 0 0 0 0 0 0 0 0 0 0 0 0 0 0 0 0 0 0 0 0 0 0 0 0 0 0 0 0 0 0 0 0 0 0 0 0 0 0 1 0 0 0 0 0 1 1 0 0 0 0 0 0 0 0 0 0 0 0 1 0 0 0 0 0 0 0 0 0 0 0 0 0 0 
1 0 0 0 0 0 0 0 0 0 0 0 0 0 0 0 0 0 0 0 0 0 0 0 0 0 0 0 0 0 0 0 0 0 1 0 0 0 1 1 0 0 1 0 0 0 0 0 0 0 0 0 1 0 0 0 0 0 0 0 0 0 0 0 0 0 0 0 0 0 0 0 0 0 0 1 0 0 0 0 0 0 0 0 0 0 1 0 0 0 0 0 0 1 0 0 0 0 1 0 0 0 0 0 0 0 0 0 1 0 0 0 0 0 0 0 0 0 1 0 
1 0 0 0 1 0 0 0 0 0 0 0 0 0 0 0 0 0 0 0 0 0 0 0 0 0 0 0 1 1 0 0 0 0 0 0 0 0 0 0 0 0 0 0 0 0 0 0 0 0 0 0 0 0 0 0 0 0 0 0 0 0 0 0 0 0 0 1 0 0 0 0 0 0 0 0 0 0 0 0 0 0 0 0 0 0 0 0 0 1 0 0 1 0 1 0 0 0 0 1 0 0 0 0 0 1 0 0 0 0 0 0 1 0 0 0 1 0 0 0 
1 0 0 0 0 0 0 0 0 0 0 0 0 0 0 0 1 0 0 0 0 0 1 0 0 0 0 0 0 0 1 0 0 0 0 0 0 0 0 0 0 0 0 0 0 0 0 0 0 0 0 0 0 0 0 0 0 1 0 0 0 0 0 0 0 0 0 0 0 0 0 0 0 0 1 0 0 0 0 0 0 1 0 0 0 0 0 1 0 0 0 0 0 0 0 1 0 0 0 0 0 0 0 0 0 0 0 0 0 0 0 0 0 0 0 0 0 0 0 0 
1 1 0 0 0 0 0 0 0 0 0 0 0 0 0 0 0 1 0 0 0 1 0 0 0 0 0 0 0 0 0 0 0 0 0 0 0 0 0 0 0 0 0 0 0 0 0 0 0 0 0 0 1 0 0 0 0 0 0 0 0 1 0 0 0 0 0 0 0 0 0 0 0 0 0 0 0 0 1 0 0 0 0 0 0 0 0 0 0 0 1 0 0 0 0 0 1 0 0 0 0 0 0 0 0 0 0 1 1 0 0 0 0 0 0 0 0 0 0 0 
1 0 0 1 0 0 0 0 0 0 1 0 0 0 0 0 0 0 0 0 0 0 0 0 0 0 0 0 0 0 0 1 1 0 0 0 0 1 0 0 0 0 0 0 0 0 0 0 0 0 0 0 0 0 0 0 0 0 0 0 0 0 0 0 0 0 0 0 0 0 0 0 0 1 0 0 0 0 0 0 0 0 0 0 1 1 0 0 0 0 0 1 0 0 0 0 0 1 0 0 0 0 0 0 0 0 0 0 0 0 0 0 0 0 0 0 0 0 0 0 
1 0 0 0 0 0 0 0 0 0 0 0 0 0 0 0 0 0 0 1 0 0 0 0 0 0 0 0 0 0 0 0 0 0 0 0 0 0 1 1 0 0 0 0 0 0 0 0 0 0 0 0 0 0 0 0 0 0 0 0 0 0 0 0 0 0 0 0 0 0 0 0 0 0 0 1 0 0 0 0 0 0 0 0 0 0 1 0 0 0 0 0 0 1 0 0 0 0 1 0 1 0 0 0 0 0 0 0 0 0 0 0 0 0 0 0 0 0 1 0 
1 0 0 0 0 0 0 0 0 0 0 1 0 0 0 0 0 0 0 0 0 0 0 0 0 1 0 0 1 1 0 0 0 0 0 0 1 0 0 0 0 0 0 0 0 0 0 0 0 0 0 0 0 0 0 0 0 0 0 0 0 0 0 0 0 0 0 1 0 0 0 0 0 0 0 0 0 0 0 0 0 0 0 0 0 0 0 0 0 0 0 0 0 0 0 0 0 0 0 1 0 0 0 0 0 1 0 0 0 0 0 0 1 0 0 0 0 0 0 0 
1 0 0 0 0 0 0 0 0 0 0 0 0 0 0 0 0 0 0 1 0 0 0 0 0 0 0 0 0 0 0 0 0 0 0 0 0 0 0 0 0 0 0 0 0 0 0 0 0 0 0 0 1 1 0 0 0 0 0 0 0 0 0 0 0 0 0 0 0 0 0 0 0 0 0 0 0 0 0 0 0 0 0 0 0 0 1 0 0 0 0 0 0 1 0 0 0 0 1 0 1 0 1 0 0 0 0 0 1 0 0 0 0 0 0 0 0 0 1 0 
1 0 0 0 0 0 0 0 0 0 0 0 0 0 0 0 0 0 0 0 0 0 0 0 0 0 0 0 0 0 0 0 0 0 0 0 0 0 0 0 1 0 0 0 0 0 0 0 0 0 0 0 0 0 0 1 0 0 0 0 0 0 0 0 0 0 0 0 0 0 0 0 1 0 0 0 0 1 0 0 0 0 0 1 0 0 0 0 0 0 0 0 0 0 0 0 0 0 0 0 0 1 0 1 0 0 0 0 0 0 0 0 0 0 0 0 0 0 0 1 
1 0 0 0 0 0 0 0 0 0 0 0 0 0 0 0 0 0 0 1 0 0 0 0 0 0 1 0 0 0 0 0 0 0 0 0 0 0 0 0 0 0 0 0 0 0 0 0 0 0 0 0 1 1 0 0 0 0 1 0 0 0 0 0 0 0 1 0 0 0 0 0 0 0 0 0 0 0 0 0 0 0 0 0 0 0 0 0 0 0 0 0 0 0 0 0 0 0 0 0 1 0 1 0 0 0 0 0 0 0 0 0 0 0 0 0 0 0 0 0 
1 0 0 1 0 0 0 0 0 0 0 0 0 0 0 0 0 0 0 0 0 0 0 0 0 0 0 0 0 0 0 0 0 0 0 0 0 0 0 0 0 0 0 0 0 0 0 0 0 0 1 0 0 0 0 0 0 0 0 0 0 0 0 0 0 0 0 0 0 0 0 0 1 0 0 0 0 1 0 0 0 0 0 1 1 0 0 0 0 0 0 0 0 0 0 0 0 0 0 0 0 0 0 1 0 0 0 0 0 0 0 0 0 0 0 0 0 0 0 1 
1 0 0 0 1 0 0 0 0 1 0 0 0 0 0 0 0 0 0 0 0 0 0 0 0 1 0 0 1 0 0 0 0 0 0 0 0 0 0 0 0 0 0 0 0 0 0 0 0 1 0 0 0 0 0 0 0 0 0 0 0 0 0 0 0 0 0 0 0 0 0 0 0 0 0 0 0 0 0 0 1 0 0 0 0 0 0 0 0 0 0 0 0 0 0 0 0 0 0 0 0 0 0 0 1 0 0 0 0 0 0 0 1 0 0 0 0 0 0 0 
1 0 0 0 0 0 0 0 0 0 0 0 0 0 0 0 0 0 0 0 0 0 0 0 0 0 0 0 1 1 0 1 0 0 0 0 1 1 0 0 0 0 0 0 0 0 0 0 0 0 0 0 0 0 0 0 0 0 0 0 0 0 0 0 0 0 0 1 0 0 0 0 0 0 0 0 0 0 0 0 0 0 0 0 0 1 0 0 0 0 0 0 1 0 0 0 0 0 0 1 0 0 0 0 0 1 0 0 0 0 0 0 0 0 0 0 0 0 0 0 
1 0 0 0 0 0 0 0 0 0 0 0 0 0 0 0 0 0 0 0 1 0 0 0 1 0 0 0 0 0 0 0 0 0 0 0 0 0 0 0 0 0 0 0 0 0 0 0 0 0 0 1 0 0 0 0 0 1 0 0 0 0 1 0 0 0 0 0 0 0 1 0 0 0 0 0 0 0 0 0 0 1 0 0 0 0 0 0 0 0 0 0 0 0 0 0 0 0 0 0 0 0 0 0 0 0 1 0 0 0 0 1 0 0 0 0 0 0 0 0 
1 1 0 0 0 0 0 0 0 0 0 0 0 0 0 0 0 1 0 0 0 1 0 0 0 0 0 0 0 0 0 0 0 0 0 0 0 0 0 0 0 0 0 0 0 0 0 0 0 0 0 0 0 0 0 0 0 0 0 0 0 1 0 0 0 0 0 0 0 1 0 0 0 0 0 0 0 0 0 0 0 0 0 0 0 0 0 0 0 0 0 0 0 0 0 0 1 0 0 0 0 0 0 0 0 0 0 1 0 0 0 1 0 0 0 0 0 0 0 0 
1 1 0 0 0 0 0 0 0 0 0 0 0 0 0 0 0 0 0 1 0 0 0 0 0 0 0 0 0 0 0 0 0 0 1 0 0 0 0 1 0 0 0 0 0 0 0 0 0 0 0 0 1 0 0 0 0 0 0 0 0 0 0 0 0 0 0 0 0 0 0 0 0 0 0 0 0 0 1 0 0 0 0 0 0 0 0 0 0 0 1 0 0 1 0 0 1 0 0 0 1 0 0 0 0 0 0 0 1 0 0 0 0 0 0 0 0 0 1 0 
1 0 1 0 0 0 0 0 0 0 0 0 0 0 1 0 0 0 0 0 0 0 0 1 0 0 0 0 0 0 0 0 0 0 0 1 0 0 0 0 0 1 0 1 0 0 0 1 0 0 0 0 0 0 0 0 0 0 0 0 0 0 0 1 0 0 0 0 0 1 0 0 0 0 0 0 0 0 0 0 0 0 0 0 0 0 0 0 0 0 0 0 0 0 0 0 0 0 0 0 0 0 0 0 0 0 0 0 0 1 0 0 0 0 0 0 0 0 0 0 
1 0 0 0 0 0 0 0 0 0 0 0 1 0 0 0 0 0 1 0 0 0 0 0 0 0 0 0 0 0 0 0 0 0 1 0 0 0 1 1 0 0 1 0 0 0 0 0 0 0 0 0 0 0 0 0 0 0 0 0 0 0 0 0 0 0 0 0 0 0 0 0 0 0 0 1 0 0 0 0 0 0 0 0 0 0 0 0 0 0 0 0 0 0 0 0 0 0 0 0 0 0 0 0 0 0 0 0 0 0 1 0 0 0 0 0 0 0 0 0 
1 1 0 0 0 1 0 0 0 0 0 0 0 0 0 0 0 0 0 0 1 0 0 0 1 0 0 0 0 0 0 0 0 0 0 0 0 0 0 0 0 0 0 0 0 0 0 0 0 0 0 1 0 0 0 0 0 1 0 0 0 0 1 0 0 0 0 0 0 0 1 0 0 0 0 0 0 0 0 0 0 1 0 0 0 0 0 0 0 0 0 0 0 0 0 0 0 0 0 0 0 0 0 0 0 0 1 0 0 0 0 1 0 0 0 0 0 0 0 0 
1 0 0 0 0 0 0 0 0 1 0 0 0 0 0 0 0 0 0 0 0 0 0 0 0 1 0 0 1 0 0 0 0 0 0 0 1 0 0 0 0 0 0 0 0 0 0 0 0 0 0 0 0 0 0 0 0 0 0 0 0 0 0 0 0 0 0 1 0 0 0 0 0 0 0 0 0 0 0 0 0 0 0 0 0 0 0 0 0 0 0 0 0 0 0 0 0 0 0 1 0 0 0 0 1 0 0 0 0 0 0 0 1 0 0 0 1 0 0 0 
1 0 0 0 0 0 0 0 1 0 0 0 0 0 0 0 0 0 0 0 0 0 0 0 0 0 0 1 0 0 0 0 0 0 0 0 0 0 0 0 0 0 0 0 0 0 0 0 0 0 0 0 0 0 0 0 0 0 0 0 0 0 0 0 1 1 0 0 0 0 0 0 0 0 0 0 1 0 0 0 0 0 1 0 0 0 0 0 0 0 0 0 0 0 0 0 0 0 0 0 0 0 0 0 0 0 0 0 0 0 0 0 0 1 0 0 0 1 0 0 
1 0 0 0 0 0 0 0 0 0 0 0 0 0 0 0 0 0 0 0 0 0 0 1 0 0 0 0 0 0 1 0 0 0 0 1 0 0 0 0 0 0 0 0 0 0 0 0 0 0 0 0 0 0 0 0 0 0 0 0 1 0 0 1 0 0 0 0 0 1 0 0 0 0 0 0 0 0 0 0 0 0 0 0 0 0 0 1 0 0 0 0 0 0 0 0 0 0 0 0 0 0 0 0 0 0 0 0 0 0 0 0 0 0 1 0 0 0 0 0 
1 0 1 0 0 0 0 0 0 0 0 0 0 0 1 0 0 0 0 0 0 0 0 0 0 0 0 0 0 0 0 0 0 0 0 0 0 0 0 0 0 1 0 1 1 0 0 1 0 0 0 0 0 0 0 0 0 0 0 0 0 0 0 0 0 0 0 0 0 0 0 0 0 0 0 0 1 0 0 0 0 0 1 0 0 0 0 0 0 0 0 0 0 0 0 0 0 0 0 0 0 0 0 0 0 0 0 0 0 1 0 0 0 0 0 1 0 0 0 0 
1 0 0 0 1 0 0 0 0 0 0 0 0 0 0 0 0 0 0 0 0 0 0 0 0 1 0 0 1 1 0 0 0 0 0 0 0 0 0 0 0 0 0 0 0 0 0 0 0 0 0 0 0 0 0 0 0 0 0 0 0 0 0 0 0 0 0 0 0 0 0 0 0 0 0 0 0 0 0 0 0 0 0 0 0 0 0 0 0 1 0 0 0 0 1 0 0 0 0 0 0 0 0 0 0 0 0 0 0 0 0 0 1 0 0 0 1 0 0 0 
1 0 0 0 0 0 0 0 1 0 0 0 0 0 0 0 0 0 0 0 0 0 0 0 0 0 0 0 0 0 0 0 0 1 0 0 0 0 0 0 0 0 0 0 1 1 0 0 0 0 0 0 0 0 0 0 0 0 0 0 0 0 0 0 1 1 0 0 0 0 0 0 0 0 0 0 1 0 0 1 1 0 0 0 0 0 0 0 0 0 0 0 0 0 0 0 0 0 0 0 0 0 0 0 0 0 0 0 0 0 0 0 0 1 0 0 0 1 0 0 
1 0 0 0 0 0 0 0 0 0 0 0 0 0 0 0 0 0 0 1 0 0 0 0 0 0 0 0 0 0 0 0 0 0 0 0 0 0 0 0 0 0 0 0 0 0 0 0 0 0 0 0 1 0 0 0 0 0 0 0 0 0 0 0 0 0 0 0 0 0 0 0 0 0 0 0 0 0 0 0 0 0 0 0 0 0 1 0 0 0 0 0 0 1 0 0 0 0 1 0 1 0 0 0 0 0 0 0 1 0 0 0 0 0 0 0 0 0 1 0 
1 0 0 1 0 0 0 0 0 0 0 0 0 0 0 0 0 0 0 0 0 0 0 0 0 0 0 0 0 0 0 0 1 0 0 0 0 0 0 0 1 0 0 0 0 0 0 0 0 0 1 0 0 0 0 1 0 0 0 0 0 0 0 0 0 0 0 0 0 0 0 0 1 1 0 0 0 1 0 0 0 0 0 1 1 0 0 0 0 0 0 0 0 0 0 0 0 0 0 0 0 1 0 1 0 0 0 0 0 0 0 0 0 0 0 0 0 0 0 1
