10 720 10
0 84 84 72 78 75 74 82 100 101 
84 0 2 780 6 9 780 780 780 780 
84 2 0 780 6 9 780 780 780 780 
72 780 780 0 8 7 10 780 780 780 
78 6 6 780 0 3 4 780 780 780 
75 780 780 7 3 0 3 780 780 780 
74 10 10 10 4 3 0 10 780 780 
82 780 780 780 12 13 10 0 780 780 
100 15 15 780 780 780 780 780 0 8 
101 16 17 780 780 780 780 780 8 0 
0 
1 14852 
0 
1 8408 
2 11591 28375 
1 12375 
0 
0 
0 
2 16413 10498 

0 
1 24258 
0 
1 13734 
2 18932 46347 
1 20212 
0 
0 
0 
2 26808 17147 

5 7590 6183 6052 10798 6278 
5 5356 5396 10803 6207 13095 
4 8312 7192 10480 10039 
6 6010 5377 12095 9779 8101 5315 
6 9008 13071 7147 8921 7653 8414 
6 8979 8020 7414 8867 10260 6148 
5 8616 13507 6814 12688 9428 
4 9402 10497 9154 10137 
5 4647 14448 9364 6508 10882 
5 9748 9147 7567 6674 9386 
108 120 108 138 162 147 153 117 135 126 
1 1 1 1 1 1 1 0 1 0 
1 1 1 1 1 1 1 1 1 1 
1 1 1 1 1 1 1 1 1 1 
1 1 1 1 1 1 1 1 1 1 
1 1 0 1 1 1 1 1 0 1 
1 1 1 1 1 1 1 0 1 0 
1 1 1 1 1 1 1 1 1 1 
1 1 1 1 1 1 1 1 1 1 
1 1 0 1 1 1 1 1 0 1 
1 1 1 1 1 1 1 0 1 0 
