30 720 20
0 100 102 114 99 93 69 75 92 108 92 105 81 73 108 108 113 90 108 89 95 95 88 88 100 95 103 78 76 88 
100 0 35 17 15 40 31 24 20 8 8 25 37 29 15 23 14 9 7 31 6 36 27 34 36 41 8 21 24 44 
102 35 0 17 19 9 33 26 15 29 29 9 20 28 19 12 20 25 28 12 29 6 13 13 1 6 27 23 25 13 
114 17 17 0 15 22 45 39 21 11 22 8 32 41 5 6 3 23 10 24 18 18 25 25 18 24 10 35 38 27 
99 15 19 15 0 24 30 24 6 9 9 9 21 26 9 8 13 8 8 15 9 20 11 18 20 25 7 20 23 28 
93 40 9 22 24 0 27 24 19 34 33 14 11 19 24 16 25 30 33 8 34 3 13 5 7 2 31 22 28 4 
69 31 33 45 30 27 0 6 23 39 23 36 24 16 39 39 44 21 39 20 26 26 19 21 31 28 34 9 7 31 
75 24 26 39 24 24 6 0 17 33 16 30 21 13 33 32 37 15 32 15 20 20 13 18 24 25 28 3 3 28 
92 20 15 21 6 19 23 17 0 16 14 13 17 19 16 15 20 10 15 11 14 16 6 14 15 21 12 13 16 24 
108 8 29 11 9 34 39 33 16 0 16 19 31 35 9 17 8 18 1 25 13 30 21 28 30 35 4 29 32 38 
92 8 29 22 9 33 23 16 14 16 0 19 31 23 16 17 21 3 15 25 3 30 20 28 29 35 11 13 15 38 
105 25 9 8 9 14 36 30 13 19 19 0 24 32 9 2 11 16 18 16 19 10 16 16 10 15 17 26 29 18 
81 37 20 32 21 11 24 21 17 31 31 24 0 8 27 26 31 28 30 7 31 13 10 7 18 13 29 20 25 6 
73 29 28 41 26 19 16 13 19 35 23 32 8 0 35 34 39 19 34 16 23 22 15 15 27 21 30 11 17 15 
108 15 19 5 9 24 39 33 16 9 16 9 27 35 0 7 4 18 8 19 13 20 20 20 20 25 7 30 32 28 
108 23 12 6 8 16 39 32 15 17 17 2 26 34 7 0 8 17 16 18 17 13 19 19 12 18 15 29 31 21 
113 14 20 3 13 25 44 37 20 8 21 11 31 39 4 8 0 22 7 23 17 21 24 24 21 27 9 34 36 30 
90 9 25 23 8 30 21 15 10 18 3 16 28 19 18 17 22 0 17 22 4 27 17 25 26 32 13 11 14 35 
108 7 28 10 8 33 39 32 15 1 15 18 30 34 8 16 7 17 0 24 12 29 19 27 28 34 4 29 31 37 
89 31 12 24 15 8 20 15 11 25 25 16 7 16 19 18 23 22 24 0 25 6 4 3 10 9 23 14 19 12 
95 6 29 18 9 34 26 20 14 13 3 19 31 23 13 17 17 4 12 25 0 30 21 28 30 35 8 16 19 38 
95 36 6 18 20 3 26 20 16 30 30 10 13 22 20 13 21 27 29 6 30 0 9 6 4 5 28 18 24 8 
88 27 13 25 11 13 19 13 6 21 20 16 10 15 20 19 24 17 19 4 21 9 0 7 11 14 18 9 15 17 
88 34 13 25 18 5 21 18 14 28 28 16 7 15 20 19 24 25 27 3 28 6 7 0 11 6 26 17 22 9 
100 36 1 18 20 7 31 24 15 30 29 10 18 27 20 12 21 26 28 10 30 4 11 11 0 5 27 21 24 11 
95 41 6 24 25 2 28 25 21 35 35 15 13 21 25 18 27 32 34 9 35 5 14 6 5 0 33 24 29 6 
103 8 27 10 7 31 34 28 12 4 11 17 29 30 7 15 9 13 4 23 8 28 18 26 27 33 0 24 27 36 
78 21 23 35 20 22 9 3 13 29 13 26 20 11 30 29 34 11 29 14 16 18 9 17 21 24 24 0 5 27 
76 24 25 38 23 28 7 3 16 32 15 29 25 17 32 31 36 14 31 19 19 24 15 22 24 29 27 5 0 32 
88 44 13 27 28 4 31 28 24 38 38 18 6 15 28 21 30 35 37 12 38 8 17 9 11 6 36 27 32 0 
0 
1 0 
2 0 0 
4 0 1067 0 0 
6 0 1259 3158 0 2534 0 
1 2704 
2 0 0 
1 6553 
1 0 
2 1220 804 
4 5674 0 200 6711 
5 0 0 1653 2542 0 
3 0 0 0 
1 0 
2 0 572 
6 0 2656 7746 2855 0 0 
3 6278 0 0 
0 
3 5448 0 2207 
0 
3 3562 0 0 
5 0 774 3681 0 0 
2 0 0 
1 294 
2 0 2457 
1 129 
2 1982 393 
4 0 463 1353 660 
3 11000 323 1002 
1 3487 

0 
1 4202 
2 5987 3469 
4 4604 12017 3843 9950 
6 8798 14387 9480 8971 8242 3608 
1 12054 
2 5471 4277 
1 14460 
1 4252 
2 9585 15917 
4 11404 3278 11340 12891 
5 4084 4062 7876 9920 5481 
3 6221 7646 4111 
1 10093 
2 3877 7107 
6 4611 12623 19870 8972 6076 8191 
3 17418 5086 5084 
0 
3 15355 7309 7835 
0 
3 12109 6569 4818 
5 5559 13830 9464 6026 3951 
2 8786 10324 
1 7156 
2 4206 11530 
1 6455 
2 8938 9658 
4 4496 8585 6517 8672 
3 25251 6364 12398 
1 11075 

4 5734 8141 6461 10408 
5 7335 10128 12477 11406 7930 
5 9505 8506 6921 11410 7889 
6 9772 10763 8239 9048 9863 9591 
6 10413 12405 6873 5524 7731 9179 
5 8697 9512 8891 5883 11070 
6 7215 6597 5577 9077 6170 10457 
4 5866 6882 12867 8327 
5 6065 6488 7423 7943 5534 
6 7560 7935 6872 7802 4696 13719 
4 11599 7302 6308 15900 
4 8735 13366 7137 10970 
5 6229 6404 6514 8643 6582 
5 8292 7369 9949 10117 5753 
5 4673 11453 8719 5503 10668 
6 4647 7744 8265 4015 11517 4688 
5 5909 5219 8439 10258 9595 
5 8389 6879 9890 4623 6723 
5 9926 10061 7503 6504 8681 
6 9245 4335 7886 9963 6858 8116 
112 167 152 191 176 152 155 121 120 165 143 140 123 144 143 142 138 129 148 198 
1 0 1 1 1 0 1 1 1 1 1 1 1 1 1 1 1 1 0 1 1 1 1 0 1 1 0 1 1 0 
1 0 1 1 1 0 1 1 1 1 1 1 1 1 1 1 1 1 0 1 1 1 1 0 1 1 0 1 1 0 
1 1 1 1 1 1 1 1 1 1 1 1 1 1 1 1 1 1 1 1 1 1 1 1 1 1 1 1 1 1 
1 0 1 1 1 0 1 1 1 1 1 1 1 1 1 1 1 1 0 1 1 1 1 0 1 1 0 1 1 0 
1 1 1 1 1 1 1 1 1 1 1 1 1 1 1 1 1 1 1 1 1 1 1 1 1 1 1 1 1 1 
1 0 1 1 1 0 1 1 1 1 1 1 1 1 1 1 1 1 0 1 1 1 1 0 1 1 0 1 1 0 
1 1 1 1 0 1 0 1 1 1 0 1 0 0 1 0 0 1 1 1 0 1 0 1 0 0 1 0 1 1 
1 1 1 1 1 1 1 1 1 1 1 1 1 1 1 1 1 1 1 1 1 1 1 1 1 1 1 1 1 1 
1 1 1 1 1 1 1 1 1 1 1 1 1 1 1 1 1 1 1 1 1 1 1 1 1 1 1 1 1 1 
1 0 1 1 1 0 1 1 1 1 1 1 1 1 1 1 1 1 0 1 1 1 1 0 1 1 0 1 1 0 
1 1 1 1 1 1 1 1 1 1 1 1 1 1 1 1 1 1 1 1 1 1 1 1 1 1 1 1 1 1 
1 0 1 1 1 0 1 1 1 1 1 1 1 1 1 1 1 1 0 1 1 1 1 0 1 1 0 1 1 0 
1 0 1 1 1 0 1 1 1 1 1 1 1 1 1 1 1 1 0 1 1 1 1 0 1 1 0 1 1 0 
1 0 1 1 1 0 1 1 1 1 1 1 1 1 1 1 1 1 0 1 1 1 1 0 1 1 0 1 1 0 
1 1 1 1 1 1 1 1 1 1 1 1 1 1 1 1 1 1 1 1 1 1 1 1 1 1 1 1 1 1 
1 0 1 1 1 0 1 1 1 1 1 1 1 1 1 1 1 1 0 1 1 1 1 0 1 1 0 1 1 0 
1 1 1 1 1 1 1 1 1 1 1 1 1 1 1 1 1 1 1 1 1 1 1 1 1 1 1 1 1 1 
1 0 1 1 1 0 1 1 1 1 1 1 1 1 1 1 1 1 0 1 1 1 1 0 1 1 0 1 1 0 
1 1 1 1 1 1 1 1 1 1 1 1 1 1 1 1 1 1 1 1 1 1 1 1 1 1 1 1 1 1 
1 1 1 1 0 1 0 1 1 1 0 1 0 0 1 0 0 1 1 1 0 1 0 1 0 0 1 0 1 1 
1 1 1 1 1 1 1 1 1 1 1 1 1 1 1 1 1 1 1 1 1 1 1 1 1 1 1 1 1 1 
1 1 0 0 0 0 0 0 0 0 0 0 0 0 0 0 0 0 1 0 1 0 0 0 0 0 0 0 0 0 
1 0 1 0 0 0 0 0 0 0 0 0 0 0 0 0 0 0 0 0 0 1 0 0 1 1 0 0 0 0 
1 0 0 1 0 0 0 0 0 0 0 0 0 0 1 0 1 0 0 0 0 0 0 0 0 0 0 0 0 0 
1 0 0 0 1 0 0 0 1 0 0 0 0 0 0 0 0 0 0 0 0 0 0 0 0 0 1 0 0 0 
1 0 0 0 0 1 0 0 0 0 0 0 0 0 0 0 0 0 0 0 0 1 0 0 0 1 0 0 0 0 
1 0 0 0 0 0 1 1 0 0 0 0 0 0 0 0 0 0 0 0 0 0 0 0 0 0 0 0 1 0 
1 0 0 0 0 0 0 1 0 0 0 0 0 0 0 0 0 0 0 0 0 0 0 0 0 0 0 1 1 0 
1 0 0 0 1 0 0 0 1 0 0 0 0 0 0 0 0 0 0 0 0 0 1 0 0 0 0 0 0 0 
1 0 0 0 0 0 0 0 0 1 0 0 0 0 0 0 0 0 1 0 0 0 0 0 0 0 1 0 0 0 
1 0 0 0 0 0 0 0 0 0 1 0 0 0 0 0 0 1 0 0 1 0 0 0 0 0 0 0 0 0 
1 0 0 1 0 0 0 0 0 0 0 1 0 0 0 1 0 0 0 0 0 0 0 0 0 0 0 0 0 0 
1 0 0 0 0 0 0 0 0 0 0 0 1 0 0 0 0 0 0 1 0 0 0 1 0 0 0 0 0 1 
1 0 0 0 0 0 0 0 0 0 0 0 1 1 0 0 0 0 0 0 0 0 0 0 0 0 0 1 0 0 
1 0 0 1 0 0 0 0 0 0 0 0 0 0 1 0 1 0 0 0 0 0 0 0 0 0 0 0 0 0 
1 0 0 1 0 0 0 0 0 0 0 1 0 0 0 1 0 0 0 0 0 0 0 0 0 0 0 0 0 0 
1 0 0 1 0 0 0 0 0 0 0 0 0 0 1 0 1 0 0 0 0 0 0 0 0 0 0 0 0 0 
1 0 0 0 0 0 0 0 0 0 1 0 0 0 0 0 0 1 0 0 1 0 0 0 0 0 0 0 0 0 
1 0 0 0 0 0 0 0 0 1 0 0 0 0 0 0 0 0 1 0 0 0 0 0 0 0 1 0 0 0 
1 0 0 0 0 0 0 0 0 0 0 0 0 0 0 0 0 0 0 1 0 0 1 1 0 0 0 0 0 0 
1 0 0 0 0 0 0 0 0 0 1 0 0 0 0 0 0 1 0 0 1 0 0 0 0 0 0 0 0 0 
1 0 0 0 0 1 0 0 0 0 0 0 0 0 0 0 0 0 0 0 0 1 0 0 1 0 0 0 0 0 
1 0 0 0 0 0 0 0 1 0 0 0 0 0 0 0 0 0 0 1 0 0 1 0 0 0 0 0 0 0 
1 0 0 0 0 1 0 0 0 0 0 0 0 0 0 0 0 0 0 1 0 0 0 1 0 0 0 0 0 0 
1 0 1 0 0 0 0 0 0 0 0 0 0 0 0 0 0 0 0 0 0 1 0 0 1 0 0 0 0 0 
1 0 0 0 0 1 0 0 0 0 0 0 0 0 0 0 0 0 0 0 0 1 0 0 1 1 0 0 0 0 
1 0 0 0 0 0 0 0 0 1 0 0 0 0 0 0 0 0 1 0 0 0 0 0 0 0 1 0 0 0 
1 0 0 0 0 0 0 1 0 0 0 0 0 0 0 0 0 0 0 0 0 0 0 0 0 0 0 1 1 0 
1 0 0 0 0 0 0 1 0 0 0 0 0 0 0 0 0 0 0 0 0 0 0 0 0 0 0 1 1 0 
1 0 0 0 0 1 0 0 0 0 0 0 1 0 0 0 0 0 0 0 0 0 0 0 0 1 0 0 0 1
