25 720 20
0 24 36 21 45 13 34 49 35 35 21 23 13 25 13 30 45 14 43 30 30 34 45 36 7
25 0 13 7 23 19 10 25 13 15 9 14 17 16 17 16 20 16 22 19 10 28 23 16 19
34 12 0 17 15 29 4 9 16 18 19 22 27 16 27 9 11 25 20 22 18 31 14 19 30
21 12 18 0 24 14 15 22 15 15 3 12 13 37 12 40 25 11 23 19 11 23 24 16 16
44 21 17 25 0 37 19 13 11 23 27 31 35 10 35 10 8 34 10 27 24 21 1 20 41
13 20 31 14 38 0 28 42 27 27 14 16 4 30 6 34 39 11 37 24 23 27 38 29 11
32 10 5 15 18 26 0 10 12 16 16 20 24 14 25 11 13 23 20 20 15 29 17 17 27
39 17 7 21 16 33 8 0 15 23 24 27 31 15 31 9 7 30 20 27 22 35 16 24 35
36 13 15 17 12 30 14 17 0 17 19 21 28 5 28 14 19 26 12 21 16 29 12 18 33
34 16 18 16 24 28 15 31 15 0 18 16 26 19 26 24 26 24 21 7 13 15 24 5 30
19 9 20 4 26 14 18 24 18 18 0 12 12 21 12 23 27 9 25 19 13 23 26 19 13
23 14 23 11 31 17 20 28 20 14 12 0 15 23 15 28 30 12 28 10 11 17 31 17 18
13 18 28 12 35 4 25 39 25 25 12 14 0 28 4 32 36 9 34 21 21 25 35 26 8
37 15 15 18 8 30 14 20 6 20 20 24 28 0 28 10 15 27 8 24 19 25 8 21 34
12 20 30 14 37 8 27 41 27 27 14 16 5 29 0 33 38 8 36 23 22 27 37 28 6
39 16 9 22 9 33 10 10 13 25 23 28 32 11 32 0 8 29 12 29 21 28 9 26 34
43 21 12 25 6 37 13 6 15 24 28 31 36 13 36 7 0 34 11 29 26 21 5 21 39
14 16 27 11 34 13 24 32 23 23 9 12 9 26 8 30 35 0 33 33 19 22 34 25 9
44 21 20 25 10 37 20 18 11 20 27 30 35 10 35 13 13 33 0 25 25 18 10 17 40
30 19 23 18 27 23 20 28 20 6 19 11 22 24 22 29 29 19 24 0 18 10 27 8 25
28 9 18 10 24 22 15 23 15 12 12 11 20 19 20 23 25 18 24 17 0 25 24 14 25
38 27 32 27 22 32 28 28 28 15 27 19 30 27 30 30 24 27 19 13 26 0 21 13 34
45 21 17 25 1 38 18 17 10 27 27 31 36 10 36 9 11 34 10 31 24 40 0 28 42
37 16 19 17 21 29 17 27 16 5 19 18 27 20 27 25 23 25 17 9 14 13 20 0 32
7 19 33 16 40 11 29 43 30 29 14 18 9 32 6 35 40 9 39 25 24 29 40 30 0
0 
3 9483 0 3510 
5 0 0 0 2192 0 
2 5621 0 
3 0 0 0 
4 0 0 0 0 
1 0 
3 763 4510 17385 
2 0 0 
3 0 90 5030 
1 286 
3 0 5078 0 
1 0 
2 0 0 
2 3301 0 
4 0 0 0 0 
0 
4 0 0 0 0 
2 82 0 
0 
5 0 0 0 0 4252 
2 0 0 
4 0 0 5085 0 
5 0 2110 0 0 3564 
1 0 

0 
3 28162 4789 16614 
5 9437 4626 8385 6361 8919 
2 19341 8317 
3 4311 5837 4601 
4 2621 3891 5864 7223 
1 4789 
3 8126 15820 33315 
2 8151 5861 
3 10218 8640 11610 
1 7760 
3 9760 14288 8782 
1 12357 
2 4107 7701 
2 9396 10271 
4 3496 8223 4980 9415 
0 
4 7413 10851 5281 5800 
2 9845 5888 
0 
5 8961 4673 6568 13212 10642 
2 7017 8222 
4 9231 7318 11290 5814 
5 9772 17544 11778 4674 9840 
1 4652 

4 16497 8112 15168 9704 
6 7993 6889 5502 7260 7831 8240 
5 5313 10484 10046 6892 7593 
4 10762 6373 8056 7794 
4 5434 11869 8597 7694 
6 8899 6879 11068 5781 5578 6587 
5 8243 8422 6488 8690 4419 
4 9256 8441 9705 8955 
5 6149 8780 11409 5743 7122 
5 9816 6523 5101 4707 8527 
6 8895 10087 8392 5966 10261 6670 
5 8184 7890 8433 7214 10211 
6 7579 14923 8219 6764 8835 13558 
4 7843 8958 9643 11812 
5 6600 5946 10143 10917 22840 
5 8728 12447 5207 8847 6902 
4 10654 11459 6193 11333 
5 6813 5873 11631 10431 11511 
6 6759 6343 8400 16502 9716 8226 
4 5488 10896 5849 7326 
168 151 140 118 120 154 128 129 137 124 170 145 199 134 189 146 138 158 187 108 
1 1 0 1 0 1 1 1 1 1 1 1 1 1 1 1 1 1 0 1 0 1 0 0 0 
1 1 0 1 0 1 1 1 1 1 1 1 1 1 1 1 1 1 0 1 0 1 0 0 0 
1 1 1 1 1 1 1 1 1 1 1 1 1 1 1 1 1 1 1 1 1 1 1 1 1 
1 1 1 1 1 1 1 1 1 1 1 1 1 1 1 1 1 1 1 1 1 1 1 1 1 
1 1 1 1 1 1 1 1 1 1 1 1 1 1 1 1 1 1 1 1 1 1 1 1 1 
1 1 0 1 0 1 1 1 1 1 1 1 1 1 1 1 1 1 0 1 0 1 0 0 0 
1 1 1 1 1 1 1 1 1 1 1 1 1 1 1 1 1 1 1 1 1 1 1 1 1 
1 0 1 0 1 1 1 0 1 1 1 1 1 1 1 0 0 1 1 1 1 1 1 1 1 
1 1 0 1 0 1 1 1 1 1 1 1 1 1 1 1 1 1 0 1 0 1 0 0 0 
1 1 0 1 0 1 1 1 1 1 1 1 1 1 1 1 1 1 0 1 0 1 0 0 0 
1 0 1 0 1 1 1 0 1 1 1 1 1 1 1 0 0 1 1 1 1 1 1 1 1 
1 1 0 1 0 1 1 1 1 1 1 1 1 1 1 1 1 1 0 1 0 1 0 0 0 
1 1 1 1 1 1 1 1 1 1 1 1 1 1 1 1 1 1 1 1 1 1 1 1 1 
1 1 1 1 1 1 1 1 1 1 1 1 1 1 1 1 1 1 1 1 1 1 1 1 1 
1 1 0 1 0 1 1 1 1 1 1 1 1 1 1 1 1 1 0 1 0 1 0 0 0 
1 0 1 0 1 1 1 0 1 1 1 1 1 1 1 0 0 1 1 1 1 1 1 1 1 
1 0 1 0 1 1 1 0 1 1 1 1 1 1 1 0 0 1 1 1 1 1 1 1 1 
1 1 1 1 1 1 1 1 1 1 1 1 1 1 1 1 1 1 1 1 1 1 1 1 1 
1 0 1 0 1 1 1 0 1 1 1 1 1 1 1 0 0 1 1 1 1 1 1 1 1 
1 0 1 0 1 1 1 0 1 1 1 1 1 1 1 0 0 1 1 1 1 1 1 1 1
