50 720 20
0 83 86 111 93 65 118 80 95 112 120 74 69 93 80 116 72 99 95 87 91 94 110 101 93 97 98 79 101 95 78 103 89 68 96 98 83 70 83 85 78 90 96 100 85 72 98 89 85 95 
83 0 33 27 9 17 34 28 12 29 36 9 13 9 3 33 10 16 12 9 18 11 27 18 9 14 15 6 26 12 17 20 17 15 13 19 29 12 17 15 17 6 16 17 8 21 15 22 18 11 
86 33 0 24 24 21 31 6 46 29 33 24 29 40 33 30 29 43 22 23 51 33 30 27 29 45 22 27 14 43 15 39 51 25 45 14 4 26 16 48 15 39 17 27 42 14 33 10 15 36 
111 27 24 0 18 45 6 30 25 9 8 36 41 20 31 5 38 23 15 23 30 16 10 9 18 25 12 31 13 23 32 19 30 43 24 12 27 40 27 28 33 21 14 10 25 39 13 21 25 16 
93 9 24 18 0 27 24 18 22 19 26 18 23 16 13 23 20 19 2 5 27 9 17 8 5 21 5 13 17 19 14 15 27 25 21 9 19 22 9 24 15 15 6 7 18 21 9 13 8 12 
65 17 21 45 27 0 52 14 30 47 54 9 9 27 14 51 9 34 30 21 31 29 44 36 27 32 33 13 35 30 13 37 31 5 31 32 18 6 18 29 12 24 30 34 22 7 32 23 20 29 
118 34 31 6 24 52 0 37 22 5 1 43 48 24 38 2 45 18 22 30 26 23 7 16 25 20 19 38 19 22 39 14 29 50 21 19 34 47 34 32 39 27 21 17 32 45 19 28 32 23 
80 28 6 30 18 14 37 0 41 32 39 18 24 35 27 36 24 38 17 18 46 28 30 22 24 40 18 21 21 38 10 34 45 20 39 18 3 21 11 43 10 33 16 21 36 8 28 9 10 30 
95 12 46 25 22 30 22 41 0 17 24 22 26 5 15 22 22 4 24 22 5 12 15 18 17 2 24 19 39 2 30 7 6 27 1 32 42 24 30 9 30 7 29 19 10 34 12 35 30 10 
112 29 29 9 19 47 5 32 17 0 7 38 43 19 32 6 39 14 17 25 21 18 2 11 19 16 14 33 22 17 33 9 23 44 15 15 29 42 29 27 34 22 16 12 27 40 14 23 27 17 
120 36 33 8 26 54 1 39 24 7 0 45 50 26 39 3 47 20 24 32 28 25 9 18 27 22 21 40 18 24 41 16 30 51 23 21 36 49 36 34 41 29 23 19 34 47 21 30 34 24 
74 9 24 36 18 9 43 18 22 38 45 0 5 18 9 42 5 25 21 12 27 20 35 27 18 23 24 4 26 21 8 28 27 6 22 23 19 3 9 24 8 15 21 25 18 12 23 14 11 20 
69 13 29 41 23 9 48 24 26 43 50 5 0 23 10 47 3 30 26 18 22 25 40 32 23 28 29 9 31 26 13 33 21 3 27 28 24 3 14 19 13 20 27 30 15 17 28 19 16 25 
93 9 40 20 16 27 24 35 5 19 26 18 23 0 13 23 20 6 18 17 10 6 17 13 11 5 18 13 33 3 25 10 10 25 4 26 36 22 24 8 25 3 23 13 7 28 6 30 25 4 
80 3 33 31 13 14 38 27 15 32 39 9 10 13 0 36 7 19 15 9 18 14 30 21 12 17 18 6 26 15 17 23 18 12 16 18 28 9 16 15 17 10 16 20 9 21 18 22 17 15 
116 33 30 5 23 51 2 36 22 6 3 42 47 23 36 0 43 20 21 29 27 21 7 15 23 22 18 37 16 21 37 16 27 48 21 18 33 45 33 30 38 26 20 16 31 44 18 27 30 21 
72 10 29 38 20 9 45 24 22 39 47 5 3 20 7 43 0 27 22 14 21 21 37 28 20 24 25 6 28 22 13 30 21 4 24 25 25 3 13 19 13 17 23 27 12 17 25 18 14 22 
99 16 43 23 19 34 18 38 4 14 20 25 30 6 19 20 27 0 21 20 8 9 12 16 14 2 21 20 36 4 28 4 10 31 3 29 39 29 27 14 28 9 26 16 14 31 9 33 28 7 
95 12 22 15 2 30 22 17 24 17 24 21 26 18 15 21 22 21 0 8 29 11 14 6 6 23 3 16 15 21 16 17 28 27 22 8 18 24 12 26 17 16 5 4 19 23 11 11 9 13 
87 9 23 23 5 21 30 18 22 25 32 12 18 17 9 29 14 20 8 0 27 10 22 14 5 22 11 8 16 20 8 15 27 19 21 10 19 16 7 25 9 15 9 12 18 15 10 13 8 12 
91 18 51 30 27 31 26 46 5 21 28 27 22 10 18 27 21 8 29 27 0 17 20 23 22 6 29 24 44 7 35 11 2 26 6 37 47 25 35 6 35 12 34 24 9 39 17 40 36 15 
94 11 33 16 9 29 23 28 12 18 25 20 25 6 14 21 21 9 11 10 17 0 15 6 4 12 11 15 27 9 18 8 17 26 11 19 29 24 17 15 18 5 16 6 9 22 3 23 18 2 
110 27 30 10 17 44 7 30 15 2 9 35 40 17 30 7 37 12 14 22 20 15 0 8 17 15 11 30 24 14 31 8 21 42 14 16 26 39 26 24 32 20 13 9 24 38 12 21 24 15 
101 18 27 9 8 36 16 22 18 11 18 27 32 13 21 15 28 16 6 14 23 6 8 0 8 18 5 22 20 16 22 12 23 33 17 13 23 30 18 21 23 11 10 1 16 29 6 17 15 8 
93 9 29 18 5 27 25 24 17 19 27 18 23 11 12 23 20 14 6 5 22 4 17 8 0 16 6 13 22 14 14 10 21 24 15 15 24 22 12 19 14 9 12 7 12 20 5 18 13 6 
97 14 45 25 21 32 20 40 2 16 22 23 28 5 17 22 24 2 23 22 6 12 15 18 16 0 23 18 39 2 30 6 8 29 0 31 41 27 29 12 30 7 28 18 12 33 12 35 30 9 
98 15 22 12 5 33 19 18 24 14 21 24 29 18 18 18 25 21 3 11 29 11 11 5 6 23 0 19 15 21 19 17 28 30 22 8 18 27 15 26 20 16 5 4 19 26 11 11 12 13 
79 6 27 31 13 13 38 21 19 33 40 4 9 13 6 37 6 20 16 8 24 15 30 22 13 18 19 0 21 16 11 24 24 11 18 18 22 8 10 21 11 12 17 21 15 15 18 16 11 15 
101 26 14 13 17 35 19 21 39 22 18 26 31 33 26 16 28 36 15 16 44 27 24 20 22 39 15 21 0 36 22 32 44 33 38 7 17 30 17 42 23 32 10 20 35 29 27 12 15 29 
95 12 43 23 19 30 22 38 2 17 24 21 26 3 15 21 22 4 21 20 7 9 14 16 14 2 21 16 36 0 28 7 7 27 1 29 39 24 27 9 28 5 26 16 10 31 9 33 28 7 
78 17 15 32 14 13 39 10 30 33 41 8 13 25 17 37 13 28 16 8 35 18 31 22 14 30 19 11 22 28 0 24 35 10 29 19 11 10 4 33 0 23 17 21 26 6 19 10 6 20 
103 20 39 19 15 37 14 34 7 9 16 28 33 10 23 16 30 4 17 15 11 8 8 12 10 6 17 24 32 7 24 0 14 35 6 25 35 32 23 17 25 13 22 12 18 31 5 29 24 8 
89 17 51 30 27 31 29 45 6 23 30 27 21 10 18 27 21 10 28 27 2 17 21 23 21 8 28 24 44 7 35 14 0 25 7 36 46 24 34 3 35 12 33 24 9 39 17 40 35 15 
68 15 25 43 25 5 50 20 27 44 51 6 3 25 12 48 4 31 27 19 26 26 42 33 24 29 30 11 33 27 10 35 25 0 28 30 21 2 15 23 10 22 28 32 17 13 30 21 17 27 
96 13 45 24 21 31 21 39 1 15 23 22 27 4 16 21 24 3 22 21 6 11 14 17 15 0 22 18 38 1 29 6 7 28 0 30 40 26 28 11 29 6 27 18 11 33 11 34 29 9 
98 19 14 12 9 32 19 18 32 15 21 23 28 26 18 18 25 29 8 10 37 19 16 13 15 31 8 18 7 29 19 25 36 30 30 0 14 27 14 34 20 24 3 12 27 26 19 9 12 21 
83 29 4 27 19 18 34 3 42 29 36 19 24 36 28 33 25 39 18 19 47 29 26 23 24 41 18 22 17 39 11 35 46 21 40 14 0 21 12 44 11 34 12 22 37 11 29 6 11 31 
70 12 26 40 22 6 47 21 24 42 49 3 3 22 9 45 3 29 24 16 25 24 39 30 22 27 27 8 30 24 10 32 24 2 26 27 21 0 12 22 10 19 25 29 15 14 27 18 15 24 
83 17 16 27 9 18 34 11 30 29 36 9 14 24 16 33 13 27 12 7 35 17 26 18 12 29 15 10 17 27 4 23 34 15 28 14 12 12 0 32 5 22 12 16 25 11 17 5 2 19 
85 15 48 28 24 29 32 43 9 27 34 24 19 8 15 30 19 14 26 25 6 15 24 21 19 12 26 21 42 9 33 17 3 23 11 34 44 22 32 0 33 9 31 21 6 36 15 38 33 12 
78 17 15 33 15 12 39 10 30 34 41 8 13 25 17 38 13 28 17 9 35 18 32 23 14 30 20 11 23 28 0 25 35 10 29 20 11 10 5 33 0 23 18 22 26 6 20 11 7 20 
90 6 39 21 15 24 27 33 7 22 29 15 20 3 10 26 17 9 16 15 12 5 20 11 9 7 16 12 32 5 23 13 12 22 6 24 34 19 22 9 23 0 21 12 4 27 8 28 23 4 
96 16 17 14 6 30 21 16 29 16 23 21 27 23 16 20 23 26 5 9 34 16 13 10 12 28 5 17 10 26 17 22 33 28 27 3 12 25 12 31 18 21 0 9 24 24 16 7 10 18 
100 17 27 10 7 34 17 21 19 12 19 25 30 13 20 16 27 16 4 12 24 6 9 1 7 18 4 21 20 16 21 12 24 32 18 12 22 29 16 21 22 12 9 0 15 28 6 16 14 9 
85 8 42 25 18 22 32 36 10 27 34 18 15 7 9 31 12 14 19 18 9 9 24 16 12 12 19 15 35 10 26 18 9 17 11 27 37 15 25 6 26 4 24 15 0 30 12 31 26 9 
72 21 14 39 21 7 45 8 34 40 47 12 17 28 21 44 17 31 23 15 39 22 38 29 20 33 26 15 29 31 6 31 39 13 33 26 11 14 11 36 6 27 24 28 30 0 26 17 13 24 
98 15 33 13 9 32 19 28 12 14 21 23 28 6 18 18 25 9 11 10 17 3 12 6 5 12 11 18 27 9 19 5 17 30 11 19 29 27 17 15 20 8 16 6 12 26 0 23 18 3 
89 22 10 21 13 23 28 9 35 23 30 14 19 30 22 27 18 33 11 13 40 23 21 17 18 35 11 16 12 33 10 29 40 21 34 9 6 18 5 38 11 28 7 16 31 17 23 0 4 25 
85 18 15 25 8 20 32 10 30 27 34 11 16 25 17 30 14 28 9 8 36 18 24 15 13 30 12 11 15 28 6 24 35 17 29 12 11 15 2 33 7 23 10 14 26 13 18 4 0 20 
95 11 36 16 12 29 23 30 10 17 24 20 25 4 15 21 22 7 13 12 15 2 15 8 6 9 13 15 29 7 20 8 15 27 9 21 31 24 19 12 20 4 18 9 9 24 3 25 20 0 
0 
5 0 0 743 0 0 
1 0 
3 0 0 1486 
3 0 1085 3380 
0 
6 0 0 1707 0 356 0 
2 4389 0 
2 9 0 
6 5124 0 0 0 3542 0 
2 0 0 
2 323 0 
3 0 0 0 
2 0 0 
1 1296 
4 0 198 0 0 
4 0 1444 0 0 
2 4783 0 
3 5671 867 5816 
2 0 0 
1 883 
2 0 1703 
0 
2 1359 0 
2 1072 2762 
0 
2 492 0 
1 0 
5 0 0 0 0 122 
1 0 
1 0 
3 4882 0 0 
3 0 0 1564 
1 0 
3 0 0 2980 
0 
4 3269 4672 0 1163 
1 8802 
1 0 
2 0 384 
1 0 
0 
1 0 
1 4896 
2 0 4497 
2 0 0 
4 0 0 0 0 
3 2882 0 0 
2 0 0 
1 0 

0 
5 9108 8366 6013 4042 8105 
1 2843 
3 5217 8258 6014 
3 5111 13807 12097 
0 
6 5556 2587 9629 7079 10027 4271 
2 9997 9085 
2 6671 4769 
6 16891 4014 7196 10891 9777 5450 
2 7752 5148 
2 8498 5391 
3 5282 11397 3403 
2 5848 8754 
1 7214 
4 11197 7977 2867 7459 
4 3408 7190 4933 8944 
2 15370 14531 
3 21367 11752 13691 
2 11320 3026 
1 14800 
2 15948 7196 
0 
2 12128 5056 
2 9763 8966 
0 
2 6733 6726 
1 9282 
5 8510 6094 7750 4026 10010 
1 7728 
1 3098 
3 14213 3017 5730 
3 6718 5089 11147 
1 5261 
3 5845 14638 8272 
0 
4 8801 11046 9623 6837 
1 19102 
1 4889 
2 9655 6208 
1 12492 
0 
1 9051 
1 13423 
2 3456 13282 
2 7396 5886 
4 8314 7496 2835 6052 
3 16240 5292 8520 
2 5661 10356 
1 6732 

4 9122 10284 9816 10707 
5 11233 10184 10067 6997 14449 
5 9376 5483 9722 12881 6506 
6 10380 7914 8588 7411 9430 12883 
6 9513 5657 12858 7928 5385 12054 
6 8825 6931 7033 9804 12013 7708 
6 8407 5963 8931 13515 7695 9981 
6 6702 7683 8688 9480 7725 7574 
6 6524 8239 11438 12478 4501 10980 
5 6409 7763 5971 7637 8759 
4 6744 8086 11812 8769 
5 6294 13673 7581 13661 6616 
5 7244 7743 17185 7478 7392 
4 5821 9100 5882 8815 
5 8189 7157 4659 8475 7894 
5 10196 14991 5595 10148 10838 
4 7483 8161 9772 11106 
6 6623 9550 9045 5310 7232 8078 
5 8418 10389 10502 10797 5369 
5 4810 7249 5653 10515 13596 
139 178 151 189 180 176 183 163 182 129 126 163 161 108 129 175 129 157 156 145 
1 1 0 1 1 0 1 1 0 0 0 1 1 0 1 1 1 1 1 0 1 1 1 1 0 1 1 0 1 1 0 1 1 0 1 1 1 1 1 1 0 1 1 0 1 0 1 0 0 0 
1 1 0 1 1 0 1 1 0 0 0 1 1 0 1 1 1 1 1 0 1 1 1 1 0 1 1 0 1 1 0 1 1 0 1 1 1 1 1 1 0 1 1 0 1 0 1 0 0 0 
1 1 1 1 1 1 1 0 1 1 1 1 1 1 0 1 1 1 1 1 1 0 1 1 1 1 0 1 1 1 1 1 1 1 1 0 0 0 1 1 1 1 1 1 1 1 1 1 1 1 
1 1 0 1 1 0 1 1 0 0 0 1 1 0 1 1 1 1 1 0 1 1 1 1 0 1 1 0 1 1 0 1 1 0 1 1 1 1 1 1 0 1 1 0 1 0 1 0 0 0 
1 1 1 1 1 1 1 0 1 1 1 1 1 1 0 1 1 1 1 1 1 0 1 1 1 1 0 1 1 1 1 1 1 1 1 0 0 0 1 1 1 1 1 1 1 1 1 1 1 1 
1 1 1 1 1 1 1 1 1 1 1 1 1 1 1 1 1 1 1 1 1 1 1 1 1 1 1 1 1 1 1 1 1 1 1 1 1 1 1 1 1 1 1 1 1 1 1 1 1 1 
1 1 1 1 1 1 1 1 1 1 1 1 1 1 1 1 1 1 1 1 1 1 1 1 1 1 1 1 1 1 1 1 1 1 1 1 1 1 1 1 1 1 1 1 1 1 1 1 1 1 
1 1 0 1 1 0 1 1 0 0 0 1 1 0 1 1 1 1 1 0 1 1 1 1 0 1 1 0 1 1 0 1 1 0 1 1 1 1 1 1 0 1 1 0 1 0 1 0 0 0 
1 1 1 1 1 1 1 1 1 1 1 1 1 1 1 1 1 1 1 1 1 1 1 1 1 1 1 1 1 1 1 1 1 1 1 1 1 1 1 1 1 1 1 1 1 1 1 1 1 1 
1 1 1 1 1 1 1 0 1 1 1 1 1 1 0 1 1 1 1 1 1 0 1 1 1 1 0 1 1 1 1 1 1 1 1 0 0 0 1 1 1 1 1 1 1 1 1 1 1 1 
1 1 1 1 1 1 1 0 1 1 1 1 1 1 0 1 1 1 1 1 1 0 1 1 1 1 0 1 1 1 1 1 1 1 1 0 0 0 1 1 1 1 1 1 1 1 1 1 1 1 
1 1 1 1 1 1 1 1 1 1 1 1 1 1 1 1 1 1 1 1 1 1 1 1 1 1 1 1 1 1 1 1 1 1 1 1 1 1 1 1 1 1 1 1 1 1 1 1 1 1 
1 1 0 1 1 0 1 1 0 0 0 1 1 0 1 1 1 1 1 0 1 1 1 1 0 1 1 0 1 1 0 1 1 0 1 1 1 1 1 1 0 1 1 0 1 0 1 0 0 0 
1 1 1 1 1 1 1 0 1 1 1 1 1 1 0 1 1 1 1 1 1 0 1 1 1 1 0 1 1 1 1 1 1 1 1 0 0 0 1 1 1 1 1 1 1 1 1 1 1 1 
1 1 0 1 1 0 1 1 0 0 0 1 1 0 1 1 1 1 1 0 1 1 1 1 0 1 1 0 1 1 0 1 1 0 1 1 1 1 1 1 0 1 1 0 1 0 1 0 0 0 
1 1 0 1 1 0 1 1 0 0 0 1 1 0 1 1 1 1 1 0 1 1 1 1 0 1 1 0 1 1 0 1 1 0 1 1 1 1 1 1 0 1 1 0 1 0 1 0 0 0 
1 1 1 1 1 1 1 0 1 1 1 1 1 1 0 1 1 1 1 1 1 0 1 1 1 1 0 1 1 1 1 1 1 1 1 0 0 0 1 1 1 1 1 1 1 1 1 1 1 1 
1 1 1 1 1 1 1 1 1 1 1 1 1 1 1 1 1 1 1 1 1 1 1 1 1 1 1 1 1 1 1 1 1 1 1 1 1 1 1 1 1 1 1 1 1 1 1 1 1 1 
1 1 1 1 1 1 1 0 1 1 1 1 1 1 0 1 1 1 1 1 1 0 1 1 1 1 0 1 1 1 1 1 1 1 1 0 0 0 1 1 1 1 1 1 1 1 1 1 1 1 
1 1 1 1 1 1 1 1 1 1 1 1 1 1 1 1 1 1 1 1 1 1 1 1 1 1 1 1 1 1 1 1 1 1 1 1 1 1 1 1 1 1 1 1 1 1 1 1 1 1 
