70 720 10
0 64 98 100 71 91 110 77 84 117 90 92 88 92 98 79 108 88 72 95 89 93 85 95 63 93 115 90 90 83 77 109 88 74 94 72 111 63 97 95 114 85 82 90 70 89 80 88 105 89 90 86 90 67 91 81 106 103 75 73 85 97 65 92 96 92 95 108 81 77 
64 0 34 36 12 26 45 13 19 53 25 27 23 27 33 19 43 24 7 30 27 28 20 30 1 28 50 25 25 19 15 44 24 9 29 7 47 1 33 30 50 24 18 26 9 24 16 27 41 24 26 23 25 6 27 17 42 39 10 10 20 33 1 27 32 27 30 44 16 12 
98 34 0 22 27 25 11 21 14 19 26 22 10 9 10 22 9 14 26 15 30 5 13 8 35 5 16 8 14 15 21 10 10 24 24 26 12 35 4 28 16 21 15 8 28 10 18 30 9 15 8 20 26 31 28 20 8 15 23 25 13 24 33 25 25 20 16 10 17 21 
100 36 22 0 29 9 17 27 16 20 10 8 13 12 32 21 15 12 28 38 11 17 16 31 37 22 22 14 10 30 35 17 17 26 6 28 18 37 18 6 21 43 18 21 30 12 20 12 31 37 19 43 10 33 9 19 30 7 25 30 21 3 35 8 4 43 6 16 19 30 
71 12 27 29 0 19 39 20 12 46 18 20 16 21 26 8 36 17 19 30 18 21 13 24 13 21 43 18 18 23 27 37 17 3 22 15 40 13 26 23 43 36 11 19 2 17 11 16 34 30 19 36 18 18 20 9 35 32 8 23 13 26 14 20 25 36 23 37 9 23 
91 26 25 9 19 0 20 30 18 26 1 2 16 15 35 11 18 11 29 41 5 20 19 34 27 25 25 17 11 33 38 20 20 17 3 25 21 27 21 3 24 46 17 24 20 15 21 4 34 40 22 46 0 28 3 9 33 12 18 33 24 6 26 0 5 46 9 19 15 33 
110 45 11 17 39 20 0 32 26 7 21 18 22 18 15 30 2 21 38 20 25 17 25 15 47 17 5 20 20 26 32 1 21 36 19 38 1 47 12 23 4 26 27 19 39 21 29 25 14 21 19 25 21 43 23 29 13 10 35 36 25 19 45 20 20 25 15 1 29 33 
77 13 21 27 20 30 32 0 12 40 31 28 14 15 20 27 30 19 5 17 36 15 11 17 14 15 37 13 19 6 7 31 10 16 29 5 33 14 20 34 37 15 13 12 18 15 9 35 28 11 12 15 31 10 34 25 28 26 12 4 7 29 12 31 30 15 21 31 15 3 
84 19 14 16 12 18 26 12 0 33 19 16 3 8 16 15 24 7 12 22 24 9 0 15 21 8 30 6 7 14 19 24 4 10 17 12 27 21 13 22 30 27 1 6 13 4 3 23 21 21 6 27 19 17 22 13 22 19 9 14 5 17 19 19 18 27 10 24 3 15 
117 53 19 20 46 26 7 40 33 0 27 25 29 25 19 38 9 29 45 22 29 24 32 22 54 24 2 27 27 34 40 8 29 43 23 45 6 54 20 27 3 32 35 27 47 28 37 29 12 28 27 31 27 50 27 36 11 14 42 44 32 22 52 25 23 25 22 9 36 40 
90 25 26 10 18 1 21 31 19 27 0 3 16 16 36 10 19 11 30 41 4 21 20 34 26 25 26 18 12 33 38 21 20 15 4 25 22 26 21 5 24 47 18 25 19 15 22 4 35 41 22 46 0 29 2 8 34 13 18 33 24 7 24 2 6 46 9 20 15 34 
92 27 22 8 20 2 18 28 16 25 3 0 13 12 33 12 16 8 26 38 8 18 17 31 28 22 23 15 8 30 35 17 17 18 2 22 19 28 18 6 22 44 14 21 21 12 19 7 31 38 19 43 3 26 6 10 31 11 16 30 21 5 27 3 4 43 6 16 12 31 
88 23 10 13 16 16 22 14 3 29 16 13 0 4 19 13 20 5 16 24 21 5 3 18 24 9 27 2 4 17 21 21 3 14 15 16 23 24 9 19 26 30 5 8 17 0 7 21 18 24 6 30 17 21 19 11 18 15 12 17 7 15 23 16 16 30 6 20 6 17 
92 27 9 12 21 15 18 15 8 25 16 12 4 0 20 12 15 4 20 25 21 5 7 18 29 9 22 2 4 17 22 16 4 18 14 20 19 29 5 18 22 31 9 9 21 3 11 20 18 25 6 30 16 25 18 11 18 11 17 18 8 14 27 15 15 30 6 16 11 18 
98 33 10 32 26 35 15 20 16 19 36 33 19 20 0 32 16 24 26 5 41 15 15 2 34 10 17 18 24 14 20 15 15 24 34 26 14 34 14 39 16 12 18 11 27 20 17 40 7 8 13 11 36 30 39 30 8 25 22 24 12 34 33 36 35 10 26 16 20 21 
79 19 22 21 8 11 30 27 15 38 10 12 13 12 32 0 28 8 26 38 9 17 16 31 20 22 35 14 10 30 35 29 17 11 14 22 31 20 18 15 35 43 14 21 9 12 18 8 31 37 19 43 10 25 11 2 30 24 15 30 21 18 21 12 16 43 15 29 12 30 
108 43 9 15 36 18 2 30 24 9 19 16 20 15 16 28 0 19 36 22 24 15 23 15 45 15 6 18 18 24 30 1 19 34 17 36 3 45 10 22 6 27 25 17 37 19 27 23 15 21 17 27 19 41 22 27 15 8 33 34 23 17 43 19 18 27 13 0 27 31 
88 24 14 12 17 11 21 19 7 29 11 8 5 4 24 8 19 0 18 30 16 9 8 23 25 14 26 6 1 22 27 20 9 14 9 16 23 25 9 14 26 35 6 13 18 4 10 15 23 29 11 35 12 21 14 7 22 15 13 22 12 9 23 11 11 35 6 20 7 22 
72 7 26 28 19 29 38 5 12 45 30 26 16 20 26 26 36 18 0 23 34 21 13 23 8 21 43 18 18 11 8 37 16 15 28 4 39 8 25 32 42 17 12 18 16 17 8 34 33 17 18 16 30 4 32 24 34 31 11 3 13 28 6 29 29 20 23 36 14 5 
95 30 15 38 30 41 20 17 22 22 41 38 24 25 5 38 22 30 23 0 46 20 21 6 31 15 20 23 29 11 17 20 21 27 39 23 19 31 20 44 19 9 23 16 28 25 19 45 10 5 18 8 42 27 44 36 11 30 22 21 17 39 30 41 41 5 31 21 25 18 
89 27 30 11 18 5 25 36 24 29 4 8 21 21 41 9 24 16 34 46 0 26 25 39 29 30 31 23 16 38 43 25 25 19 6 30 27 29 26 5 29 52 22 30 18 20 27 1 39 46 27 51 4 34 2 10 39 15 23 38 29 8 29 5 7 51 14 24 20 39 
93 28 5 17 21 20 17 15 9 24 21 18 5 5 15 17 15 9 21 20 26 0 8 13 30 4 21 3 9 12 17 15 4 19 19 21 18 30 4 24 21 26 10 3 22 5 12 25 13 20 2 25 21 26 24 15 13 10 18 19 8 19 28 21 20 25 11 15 12 16 
85 20 13 16 13 19 25 11 0 32 20 17 3 7 15 16 23 8 13 21 25 8 0 14 21 7 30 5 8 13 18 24 3 11 18 13 26 21 12 23 29 27 2 5 14 4 4 24 20 21 5 26 20 18 23 14 21 18 9 13 4 18 20 20 19 26 10 23 4 14 
95 30 8 31 24 34 15 17 15 22 34 31 18 18 2 31 15 23 23 6 39 13 14 0 32 9 19 16 22 11 17 13 14 21 33 23 16 32 13 37 19 12 16 9 24 18 14 39 10 6 12 12 35 28 37 29 11 24 20 21 10 33 30 34 34 12 24 14 18 18 
63 1 35 37 13 27 47 14 21 54 26 28 24 29 34 20 45 25 8 31 29 30 21 32 0 29 51 27 26 20 14 45 25 10 30 8 48 0 34 31 51 23 19 27 10 25 17 28 42 26 27 23 27 5 28 18 43 40 12 10 21 34 1 28 33 29 31 45 18 13 
93 28 5 22 21 25 17 15 8 24 25 22 9 9 10 22 15 14 21 15 30 4 7 9 29 0 22 7 13 9 15 16 5 18 24 21 18 29 4 28 21 21 10 2 22 9 12 30 12 15 3 21 26 25 28 20 13 15 17 19 7 24 27 25 25 21 15 15 11 15 
115 50 16 22 43 25 5 37 30 2 26 23 27 22 17 35 6 26 43 20 31 21 30 19 51 22 0 24 25 31 37 6 26 41 24 43 4 51 17 29 1 29 32 24 44 26 34 30 9 25 24 28 26 48 29 33 8 15 39 41 30 24 50 26 25 22 20 6 33 38 
90 25 8 14 18 17 20 13 6 27 18 15 2 2 18 14 18 6 18 23 23 3 5 16 27 7 24 0 6 15 20 18 2 16 16 18 21 27 7 21 24 29 7 6 19 2 9 22 16 23 4 28 18 23 21 12 16 13 15 16 6 16 25 18 17 28 8 18 9 16 
90 25 14 10 18 11 20 19 7 27 12 8 4 4 24 10 18 1 18 29 16 9 8 22 26 13 25 6 0 21 26 19 8 15 10 18 21 26 9 14 24 35 7 13 19 3 10 16 23 29 10 34 12 22 14 8 22 13 14 21 12 10 24 11 11 34 5 18 8 22 
83 19 15 30 23 33 26 6 14 34 33 30 17 17 14 30 24 22 11 11 38 12 13 11 20 9 31 15 21 0 6 25 13 19 32 11 27 20 14 36 31 13 15 8 20 18 11 38 22 7 11 12 34 16 36 28 22 23 15 10 9 32 18 33 33 12 24 25 18 6 
77 15 21 35 27 38 32 7 19 40 38 35 21 22 20 35 30 27 8 17 43 17 18 17 14 15 37 20 26 6 0 31 18 24 36 12 33 14 20 41 37 8 20 13 25 22 16 42 28 11 15 8 39 10 41 33 28 27 19 4 14 36 13 38 38 14 28 31 22 4 
109 44 10 17 37 20 1 31 24 8 21 17 21 16 15 29 1 20 37 20 25 15 24 13 45 16 6 18 19 25 31 0 20 35 19 37 2 45 11 23 5 26 26 18 38 20 28 25 14 20 18 25 21 42 23 27 13 10 33 35 24 19 44 20 20 25 14 0 27 32 
88 24 10 17 17 20 21 10 4 29 20 17 3 4 15 17 19 9 16 21 25 4 3 14 25 5 26 2 8 13 18 20 0 14 18 16 23 25 9 23 26 26 5 4 18 4 7 24 17 20 2 26 21 21 23 15 18 15 13 15 3 18 23 20 20 26 10 20 7 13 
74 9 24 26 3 17 36 16 10 43 15 18 14 18 24 11 34 14 15 27 19 19 11 21 10 18 41 16 15 19 24 35 14 0 20 11 37 10 23 21 40 32 8 16 3 15 7 18 31 26 16 32 16 14 17 9 32 29 4 19 11 23 10 18 22 32 21 34 7 19 
94 29 24 6 22 3 19 29 17 23 4 2 15 14 34 14 17 9 28 39 6 19 18 33 30 24 24 16 10 32 36 19 18 20 0 24 20 30 19 4 23 45 16 23 23 14 20 6 33 39 21 45 3 27 4 12 32 9 18 32 22 3 29 2 2 45 8 18 14 32 
72 7 26 28 15 25 38 5 12 45 25 22 16 20 26 22 36 16 4 23 30 21 13 23 8 21 43 18 18 11 12 37 16 11 24 0 39 8 25 28 42 21 10 18 12 17 8 30 33 17 18 21 26 4 28 20 34 31 6 8 13 25 6 25 25 21 23 36 9 8 
111 47 12 18 40 21 1 33 27 6 22 19 23 19 14 31 3 23 39 19 27 18 26 16 48 18 4 21 21 27 33 2 23 37 20 39 0 48 13 24 3 25 28 21 41 22 30 26 12 22 21 25 22 44 24 30 12 11 36 38 26 20 46 21 21 24 16 2 30 34 
63 1 35 37 13 27 47 14 21 54 26 28 24 29 34 20 45 25 8 31 29 30 21 32 0 29 51 27 26 20 14 45 25 10 30 8 48 0 34 31 51 23 19 27 10 25 17 28 42 26 27 23 27 5 28 18 43 40 12 10 21 34 1 28 33 29 31 45 18 13 
97 33 4 18 26 21 12 20 13 20 21 18 9 5 14 18 10 9 25 20 26 4 12 13 34 4 17 7 9 14 20 11 9 23 19 25 13 34 0 24 17 25 15 7 27 8 17 25 13 19 7 25 21 30 24 16 12 10 22 24 12 19 32 21 21 25 11 11 16 20 
95 30 28 6 23 3 23 34 22 27 5 6 19 18 39 15 22 14 32 44 5 24 23 37 31 28 29 21 14 36 41 23 23 21 4 28 24 31 24 0 27 50 20 27 24 18 25 6 37 44 25 49 4 32 3 13 37 13 21 36 27 4 30 3 3 49 12 22 18 37 
114 50 16 21 43 24 4 37 30 3 24 22 26 22 16 35 6 26 42 19 29 21 29 19 51 21 1 24 24 31 37 5 26 40 23 42 3 51 17 27 0 29 32 24 44 25 34 29 10 25 24 28 25 47 27 33 9 14 39 41 29 23 49 24 24 22 19 6 33 37 
85 24 21 43 36 46 26 15 27 32 47 44 30 31 12 43 27 35 17 9 52 26 27 12 23 21 29 29 35 13 8 26 26 32 45 21 25 23 25 50 29 0 29 22 33 31 24 51 20 6 24 0 47 18 50 41 20 36 28 13 22 45 22 47 46 6 37 27 31 12 
82 18 15 18 11 17 27 13 1 35 18 14 5 9 18 14 25 6 12 23 22 10 2 16 19 10 32 7 7 15 20 26 5 8 16 10 28 19 15 20 32 29 0 7 12 6 4 22 23 23 7 28 18 15 20 12 23 21 7 15 6 16 17 17 17 28 12 26 2 16 
90 26 8 21 19 24 19 12 6 27 25 21 8 9 11 21 17 13 18 16 30 3 5 9 27 2 24 6 13 8 13 18 4 16 23 18 21 27 7 27 24 22 7 0 20 9 9 29 15 16 2 21 25 23 27 19 15 14 15 17 5 23 25 24 24 21 15 18 9 13 
70 9 28 30 2 20 39 18 13 47 19 21 17 21 27 9 37 18 16 28 18 22 14 24 10 22 44 19 19 20 25 38 18 3 23 12 41 10 27 24 44 33 12 20 0 18 10 17 35 27 20 33 19 15 21 10 36 33 5 20 14 27 11 21 26 33 24 38 10 21 
89 24 10 12 17 15 21 15 4 28 15 12 0 3 20 12 19 4 17 25 20 5 4 18 25 9 26 2 3 18 22 20 4 15 14 17 22 25 8 18 25 31 6 9 18 0 8 20 19 25 6 30 16 21 18 10 18 14 13 18 8 14 24 15 15 30 6 19 7 18 
80 16 18 20 11 21 29 9 3 37 22 19 7 11 17 18 27 10 8 19 27 12 4 14 17 12 34 9 10 11 16 28 7 7 20 8 30 17 17 25 34 24 4 9 10 8 0 26 25 18 9 24 22 13 25 16 25 23 5 11 4 20 15 22 21 24 14 28 6 12 
88 27 30 12 16 4 25 35 23 29 4 7 21 20 40 8 23 15 34 45 1 25 24 39 28 30 30 22 16 38 42 25 24 18 6 30 26 28 25 6 29 51 22 29 17 20 26 0 39 45 27 51 3 33 3 9 38 15 23 38 28 9 29 4 8 51 14 24 20 38 
105 41 9 31 34 34 14 28 21 12 35 31 18 18 7 31 15 23 33 10 39 13 20 10 42 12 9 16 23 22 28 14 17 31 33 33 12 42 13 37 10 20 23 15 35 19 25 39 0 16 15 19 35 38 37 29 0 24 30 32 20 33 40 34 34 13 25 15 24 28 
89 24 15 37 30 40 21 11 21 28 41 38 24 25 8 37 21 29 17 5 46 20 21 6 26 15 25 23 29 7 11 20 20 26 39 17 22 26 19 44 25 6 23 16 27 25 18 45 16 0 18 5 41 22 44 35 17 30 22 15 16 39 24 41 40 5 31 21 25 12 
90 26 8 19 19 22 19 12 6 27 22 19 6 6 13 19 17 11 18 18 27 2 5 12 27 3 24 4 10 11 15 18 2 16 21 18 21 27 7 25 24 24 7 2 20 6 9 27 15 18 0 24 23 23 25 17 15 13 15 17 5 21 25 22 22 24 12 18 9 13 
86 23 20 43 36 46 25 15 27 31 46 43 30 30 11 43 27 35 16 8 51 25 26 12 23 21 28 28 34 12 8 25 26 32 45 21 25 23 25 49 28 0 28 21 33 30 24 51 19 5 24 0 47 19 49 41 20 36 27 12 22 45 21 46 46 6 36 26 30 12 
90 25 26 10 18 0 21 31 19 27 0 3 17 16 36 10 19 12 30 42 4 21 20 35 27 26 26 18 12 34 39 21 21 16 3 26 22 27 21 4 25 47 18 25 19 16 22 3 35 41 23 47 0 29 2 9 34 13 19 34 24 7 25 1 6 47 10 20 16 34 
67 6 31 33 18 28 43 10 17 50 29 26 21 25 30 25 41 21 4 27 34 26 18 28 5 25 48 23 22 16 10 42 21 14 27 4 44 5 30 32 47 18 15 23 15 21 13 33 38 22 23 19 29 0 32 23 39 36 10 6 18 30 4 29 29 25 27 41 14 9 
91 27 28 9 20 3 23 34 22 27 2 6 19 18 39 11 22 14 32 44 2 24 23 37 28 28 29 21 14 36 41 23 23 17 4 28 24 28 24 3 27 50 20 27 21 18 25 3 37 44 25 49 2 32 0 10 37 13 21 36 27 6 27 3 5 49 12 22 18 37 
81 17 20 19 9 9 29 25 13 36 8 10 11 11 30 2 27 7 24 36 10 15 14 29 18 20 33 12 8 28 33 27 15 9 12 20 30 18 16 13 33 41 12 19 10 10 16 9 29 35 17 41 9 23 10 0 28 22 13 28 18 16 19 10 15 41 13 27 10 28 
106 42 8 30 35 33 13 28 22 11 34 31 18 18 8 30 15 22 34 11 39 13 21 11 43 13 8 16 22 22 28 13 18 32 32 34 12 43 12 37 9 20 23 15 36 18 25 38 0 17 15 20 34 39 37 28 0 23 31 33 21 32 41 34 33 14 24 14 25 29 
103 39 15 7 32 12 10 26 19 14 13 11 15 11 25 24 8 15 31 30 15 10 18 24 40 15 15 13 13 23 27 10 15 29 9 31 11 40 10 13 14 36 21 14 33 14 23 15 24 30 13 36 13 36 13 22 23 0 28 30 18 9 38 11 10 36 8 9 22 26 
75 10 23 25 8 18 35 12 9 42 18 16 12 17 22 15 33 13 11 22 23 18 9 20 12 17 39 15 14 15 19 33 13 4 18 6 36 12 22 21 39 28 7 15 5 13 5 23 30 22 15 27 19 10 21 13 31 28 0 15 9 22 10 18 21 27 19 33 6 15 
73 10 25 30 23 33 36 4 14 44 33 30 17 18 24 30 34 22 3 21 38 19 13 21 10 19 41 16 21 10 4 35 15 19 32 8 38 10 24 36 41 13 15 17 20 18 11 38 32 15 17 12 34 6 36 28 33 30 15 0 11 32 9 33 33 18 24 35 18 3 
85 20 13 21 13 24 25 7 5 32 24 21 7 8 12 21 23 12 13 17 29 8 4 10 21 7 30 6 12 9 14 24 3 11 22 13 26 21 12 27 29 22 6 5 14 8 4 28 20 16 5 22 24 18 27 18 21 18 9 11 0 22 20 24 24 22 14 23 8 9 
97 33 24 3 26 6 19 29 17 22 7 5 15 14 34 18 17 9 28 39 8 19 18 33 34 24 24 16 10 32 36 19 18 23 3 25 20 34 19 4 23 45 16 23 27 14 20 9 33 39 21 45 7 30 6 16 32 9 22 32 22 0 32 5 1 45 8 18 16 32 
65 1 33 35 14 26 45 12 19 52 24 27 23 27 33 21 43 23 6 30 29 28 20 30 1 27 50 25 24 18 13 44 23 10 29 6 46 1 32 30 49 22 17 25 11 24 15 29 40 24 25 21 25 4 27 19 41 38 10 9 20 32 0 27 31 27 30 43 16 12 
92 27 25 8 20 0 20 31 19 25 2 3 16 15 36 12 19 11 29 41 5 21 20 34 28 25 26 18 11 33 38 20 20 18 2 25 21 28 21 3 24 47 17 24 21 15 22 4 34 41 22 46 1 29 3 10 34 11 18 33 24 5 27 0 4 46 9 19 15 34 
96 32 25 4 25 5 20 30 18 23 6 4 16 15 35 16 18 11 29 41 7 20 19 34 33 25 25 17 11 33 38 20 20 22 2 25 21 33 21 3 24 46 17 24 26 15 21 8 34 40 22 46 6 29 5 15 33 10 21 33 24 1 31 4 0 46 9 19 15 33 
92 27 20 43 36 46 25 15 27 25 46 43 30 30 10 43 27 35 20 5 51 25 26 12 29 21 22 28 34 12 14 25 26 32 45 21 24 29 25 49 22 6 28 21 33 30 24 51 13 5 24 6 47 25 49 41 14 36 27 18 22 45 27 46 46 0 36 26 30 15 
95 30 16 6 23 9 15 21 10 22 9 6 6 6 26 15 13 6 23 31 14 11 10 24 31 15 20 8 5 24 28 14 10 21 8 23 16 31 11 12 19 37 12 15 24 6 14 14 25 31 12 36 10 27 12 13 24 8 19 24 14 8 30 9 9 36 0 13 13 24 
108 44 10 16 37 19 1 31 24 9 20 16 20 16 16 29 0 20 36 21 24 15 23 14 45 15 6 18 18 25 31 0 20 34 18 36 2 45 11 22 6 27 26 18 38 19 28 24 15 21 18 26 20 41 22 27 14 9 33 35 23 18 43 19 19 26 13 0 27 31 
81 16 17 19 9 15 29 15 3 36 15 12 6 11 20 12 27 7 14 25 20 12 4 18 18 11 33 9 8 18 22 27 7 7 14 9 30 18 16 18 33 31 2 9 10 7 6 20 24 25 9 30 16 14 18 10 25 22 6 18 8 16 16 15 15 30 13 27 0 18 
77 12 21 30 23 33 33 3 15 40 34 31 17 18 21 30 31 22 5 18 39 16 14 18 13 15 38 16 22 6 4 32 13 19 32 8 34 13 20 37 37 12 16 13 21 18 12 38 28 12 13 12 34 9 37 28 29 26 15 3 9 32 12 34 33 15 24 31 18 0 
0 
1 0 
3 0 0 0 
3 0 12673 440 
0 
0 
2 485 0 
0 
2 0 0 
3 0 0 0 
1 0 
1 1255 
0 
0 
4 0 0 0 15340 
3 0 841 0 
0 
3 0 0 952 
1 0 
3 0 323 3023 
4 0 0 441 0 
2 0 0 
3 0 0 0 
0 
0 
2 0 0 
1 0 
4 0 0 0 4207 
2 1843 3322 
0 
1 0 
0 
0 
2 0 0 
3 0 0 0 
0 
1 423 
0 
5 0 0 3666 500 0 
2 0 1962 
0 
1 2071 
1 0 
0 
1 0 
1 1963 
3 0 0 0 
2 0 0 
0 
0 
3 0 5355 0 
3 2491 598 0 
2 825 3126 
2 0 0 
5 0 0 0 0 0 
0 
2 0 0 
1 0 
2 0 2119 
1 1563 
2 0 1212 
1 11696 
1 2805 
3 0 0 0 
3 0 1588 0 
2 0 0 
4 0 0 0 0 
3 0 0 0 
1 0 
3 0 0 0 

0 
1 4607 
3 3184 6515 10431 
3 5249 24920 7433 
0 
0 
2 7095 10463 
0 
2 7297 5835 
3 10086 6741 6042 
1 10610 
1 13966 
0 
0 
4 6311 7076 7765 39998 
3 11406 11043 10492 
0 
3 4597 4059 11487 
1 3212 
3 7109 7236 16651 
4 12371 5254 10748 8084 
2 5172 5191 
3 6220 6549 4445 
0 
0 
2 4839 4443 
1 5734 
4 3956 6557 7696 19511 
2 10744 14180 
0 
1 5301 
0 
0 
2 5877 7814 
3 5475 12859 7804 
0 
1 9564 
0 
5 5835 5370 17719 10470 3769 
2 5961 9687 
0 
1 11883 
1 4300 
0 
1 7151 
1 10542 
3 7147 12533 6914 
2 8815 4747 
0 
0 
3 11884 12298 8357 
3 8922 12227 6645 
2 7794 9689 
2 8269 6877 
5 9407 6417 5545 8005 7587 
0 
2 5742 4420 
1 5181 
2 5638 13595 
1 10371 
2 4630 8591 
1 30767 
1 9051 
3 7660 4703 15240 
3 11447 11256 6539 
2 6479 12183 
4 4928 4030 6623 8503 
3 5843 11803 15065 
1 7634 
3 8635 5917 3930 

4 9042 7170 8413 8495 
4 10444 6208 9199 7944 
4 4486 9308 9684 11875 
5 5869 6529 7253 7349 7868 
4 6794 8988 13110 7222 
4 7159 6695 11487 7636 
4 6298 10107 9546 6374 
5 9892 4969 10914 9972 7738 
5 6750 5016 8119 9948 6332 
4 9300 7386 8575 7429 
20 20 20 20 20 20 20 20 20 20 
1 1 1 1 1 1 0 1 0 1 1 1 1 1 0 1 1 1 1 1 0 1 1 1 1 1 1 0 1 1 1 1 1 1 1 0 1 1 1 0 1 1 0 1 0 1 1 1 1 1 1 1 1 1 1 1 1 0 1 0 1 1 1 1 1 1 1 1 1 0 
1 1 1 1 0 0 1 1 1 1 1 1 1 0 1 1 1 0 1 1 1 1 0 1 1 1 1 1 0 0 0 1 1 0 1 1 1 0 1 1 0 0 1 1 1 1 1 0 0 1 0 1 0 1 0 1 1 1 1 1 1 0 1 0 1 0 0 1 0 1 
1 1 1 1 1 1 0 1 0 1 1 1 1 1 0 1 1 1 1 1 0 1 1 1 1 1 1 0 1 1 1 1 1 1 1 0 1 1 1 0 1 1 0 1 0 1 1 1 1 1 1 1 1 1 1 1 1 0 1 0 1 1 1 1 1 1 1 1 1 0 
1 1 1 1 0 0 1 1 1 1 1 1 1 0 1 1 1 0 1 1 1 1 0 1 1 1 1 1 0 0 0 1 1 0 1 1 1 0 1 1 0 0 1 1 1 1 1 0 0 1 0 1 0 1 0 1 1 1 1 1 1 0 1 0 1 0 0 1 0 1 
1 1 1 1 1 1 0 1 0 1 1 1 1 1 0 1 1 1 1 1 0 1 1 1 1 1 1 0 1 1 1 1 1 1 1 0 1 1 1 0 1 1 0 1 0 1 1 1 1 1 1 1 1 1 1 1 1 0 1 0 1 1 1 1 1 1 1 1 1 0 
1 1 1 1 1 1 1 1 1 1 1 1 1 1 1 1 1 1 1 1 1 1 1 1 1 1 1 1 1 1 1 1 1 1 1 1 1 1 1 1 1 1 1 1 1 1 1 1 1 1 1 1 1 1 1 1 1 1 1 1 1 1 1 1 1 1 1 1 1 1 
1 1 1 1 0 0 1 1 1 1 1 1 1 0 1 1 1 0 1 1 1 1 0 1 1 1 1 1 0 0 0 1 1 0 1 1 1 0 1 1 0 0 1 1 1 1 1 0 0 1 0 1 0 1 0 1 1 1 1 1 1 0 1 0 1 0 0 1 0 1 
1 1 1 1 1 1 1 1 1 1 1 1 1 1 1 1 1 1 1 1 1 1 1 1 1 1 1 1 1 1 1 1 1 1 1 1 1 1 1 1 1 1 1 1 1 1 1 1 1 1 1 1 1 1 1 1 1 1 1 1 1 1 1 1 1 1 1 1 1 1 
1 1 1 1 0 0 1 1 1 1 1 1 1 0 1 1 1 0 1 1 1 1 0 1 1 1 1 1 0 0 0 1 1 0 1 1 1 0 1 1 0 0 1 1 1 1 1 0 0 1 0 1 0 1 0 1 1 1 1 1 1 0 1 0 1 0 0 1 0 1 
1 1 1 1 0 0 1 1 1 1 1 1 1 0 1 1 1 0 1 1 1 1 0 1 1 1 1 1 0 0 0 1 1 0 1 1 1 0 1 1 0 0 1 1 1 1 1 0 0 1 0 1 0 1 0 1 1 1 1 1 1 0 1 0 1 0 0 1 0 1
