40 720 20
0 84 73 113 81 69 104 112 81 92 81 109 79 76 69 95 94 88 65 94 92 81 92 87 100 75 106 73 94 86 87 102 93 93 93 99 109 74 85 76 
84 0 10 29 11 14 20 28 14 13 2 25 5 13 14 24 10 16 18 16 29 13 28 9 16 8 22 11 22 3 19 18 10 24 14 15 25 9 12 12 
73 10 0 39 19 6 31 38 22 19 10 35 13 21 19 32 21 24 14 24 37 7 36 13 26 1 33 19 20 12 27 28 20 33 20 25 35 3 12 4 
113 29 39 0 32 43 8 0 31 20 31 3 33 36 43 22 18 24 47 18 27 31 26 26 14 37 6 39 24 27 25 11 19 22 19 17 3 38 27 36 
81 11 19 32 0 13 23 31 2 24 9 28 6 4 11 14 13 7 15 13 17 24 16 20 19 19 25 7 33 8 8 21 12 13 25 26 28 15 24 24 
69 14 6 43 13 0 35 42 16 23 12 39 10 15 13 26 25 19 8 24 31 12 30 17 30 6 37 13 24 16 21 32 24 27 24 30 39 5 16 10 
104 20 31 8 23 35 0 7 22 12 23 4 25 28 35 27 10 18 39 19 31 23 30 17 18 29 4 31 19 18 22 2 12 27 11 12 6 30 18 28 
112 28 38 0 31 42 7 0 30 19 30 3 32 36 42 21 17 23 46 18 26 30 25 25 13 36 5 38 25 26 24 10 18 21 18 18 3 37 26 35 
81 14 22 31 2 16 22 30 0 27 12 27 9 5 12 13 12 6 16 12 15 27 14 23 18 22 24 8 36 10 5 20 11 11 28 29 27 18 26 27 
92 13 19 20 24 23 12 19 27 0 15 16 18 26 25 37 21 29 27 30 42 11 41 5 29 17 15 24 8 16 33 13 23 38 1 6 17 18 6 16 
81 2 10 31 9 12 23 30 12 15 0 27 3 11 12 22 13 14 15 14 27 15 26 11 18 10 25 9 24 4 17 20 12 22 16 18 27 6 14 15 
109 25 35 3 28 39 4 3 27 16 27 0 29 33 39 24 14 20 43 17 29 27 28 22 16 33 2 35 21 23 21 7 15 25 15 14 4 34 23 32 
79 5 13 33 6 10 25 32 9 18 3 29 0 8 10 19 15 11 14 14 24 18 23 14 20 13 27 6 27 6 14 22 14 19 19 20 29 9 17 18 
76 13 21 36 4 15 28 36 5 26 11 33 8 0 6 19 18 12 10 18 16 26 16 22 24 21 30 2 35 9 11 25 17 17 27 28 33 17 25 26 
69 14 19 43 11 13 35 42 12 25 12 39 10 6 0 26 25 19 5 24 23 25 23 20 30 19 37 4 33 16 18 32 24 24 25 30 39 15 24 24 
95 24 32 22 14 26 27 21 13 37 22 24 19 19 26 0 16 8 30 7 4 37 3 33 8 32 22 22 46 21 8 24 14 2 38 39 20 28 36 37 
94 10 21 18 13 25 10 17 12 21 13 14 15 18 25 16 0 8 29 8 21 21 20 17 8 19 12 21 30 8 11 8 2 16 22 23 14 20 20 21 
88 16 24 24 7 19 18 23 6 29 14 20 11 12 19 8 8 0 23 5 12 29 12 25 11 24 17 15 38 12 3 16 6 8 30 31 20 20 28 29 
65 18 14 47 15 8 39 46 16 27 15 43 14 10 5 30 29 23 0 28 27 20 27 21 34 14 41 8 28 20 22 36 28 27 28 33 43 10 20 19 
94 16 24 18 13 24 19 18 12 30 14 17 14 18 24 7 8 5 28 0 12 30 11 25 6 24 15 20 39 13 6 16 6 8 30 32 15 21 29 29 
92 29 37 27 17 31 31 26 15 42 27 29 24 16 23 4 21 12 27 12 0 42 0 38 12 37 27 19 51 25 9 29 18 4 43 44 24 33 41 42 
81 13 7 31 24 12 23 30 27 11 15 27 18 26 25 37 21 29 20 30 42 0 41 5 29 6 25 24 12 16 33 20 23 38 12 18 27 9 4 4 
92 28 36 26 16 30 30 25 14 41 26 28 23 16 23 3 20 12 27 11 0 41 0 37 12 36 26 18 50 24 8 28 18 3 42 43 24 32 40 41 
87 9 13 26 20 17 17 25 23 5 11 22 14 22 20 33 17 25 21 25 38 5 37 0 25 11 19 20 13 12 28 15 19 33 6 12 22 12 3 10 
100 16 26 14 19 30 18 13 18 29 18 16 20 24 30 8 8 11 34 6 12 29 12 25 0 24 14 26 38 14 12 16 6 8 30 31 12 25 28 29 
75 8 1 37 19 6 29 36 22 17 10 33 13 21 19 32 19 24 14 24 37 6 36 11 24 0 31 19 18 11 27 26 18 33 18 24 33 3 10 4 
106 22 33 6 25 37 4 5 24 15 25 2 27 30 37 22 12 17 41 15 27 25 26 19 14 31 0 33 23 20 18 4 12 23 15 16 2 32 20 30 
73 11 19 39 7 13 31 38 8 24 9 35 6 2 4 22 21 15 8 20 19 24 18 20 26 19 33 0 33 12 14 28 20 19 25 26 35 15 23 24 
94 22 20 24 33 24 19 25 36 8 24 21 27 35 33 46 30 38 28 39 51 12 50 13 38 18 23 33 0 25 42 22 32 47 8 6 26 19 9 17 
86 3 12 27 8 16 18 26 10 16 4 23 6 9 16 21 8 12 20 13 25 16 24 12 14 11 20 12 25 0 16 15 7 21 17 18 23 11 15 16 
87 19 27 25 8 21 22 24 5 33 17 21 14 11 18 8 11 3 22 6 9 33 8 28 12 27 18 14 42 16 0 19 9 5 33 35 21 24 32 32 
102 18 28 11 21 32 2 10 20 13 20 7 22 25 32 24 8 16 36 16 29 20 28 15 16 26 4 28 22 15 19 0 10 24 14 15 7 27 16 25 
93 10 20 19 12 24 12 18 11 23 12 15 14 17 24 14 2 6 28 6 18 23 18 19 6 18 12 20 32 7 9 10 0 14 24 25 15 19 22 23 
93 24 33 22 13 27 27 21 11 38 22 25 19 17 24 2 16 8 27 8 4 38 3 33 8 33 23 19 47 21 5 24 14 0 39 40 20 29 37 37 
93 14 20 19 25 24 11 18 28 1 16 15 19 27 25 38 22 30 28 30 43 12 42 6 30 18 15 25 8 17 33 14 24 39 0 5 18 19 8 17 
99 15 25 17 26 30 12 18 29 6 18 14 20 28 30 39 23 31 33 32 44 18 43 12 31 24 16 26 6 18 35 15 25 40 5 0 19 24 13 22 
109 25 35 3 28 39 6 3 27 17 27 4 29 33 39 20 14 20 43 15 24 27 24 22 12 33 2 35 26 23 21 7 15 20 18 19 0 34 23 32 
74 9 3 38 15 5 30 37 18 18 6 34 9 17 15 28 20 20 10 21 33 9 32 12 25 3 32 15 19 11 24 27 19 29 19 24 34 0 11 8 
85 12 12 27 24 16 18 26 26 6 14 23 17 25 24 36 20 28 20 29 41 4 40 3 28 10 20 23 9 15 32 16 22 37 8 13 23 11 0 9 
76 12 4 36 24 10 28 35 27 16 15 32 18 26 24 37 21 29 19 29 42 4 41 10 29 4 30 24 17 16 32 25 23 37 17 22 32 8 9 0 
0 
4 249 751 0 0 
5 40 6312 0 0 0 
4 808 0 2241 0 
1 0 
2 2870 0 
2 1961 0 
0 
1 5218 
4 7279 964 0 866 
2 0 2745 
1 0 
1 3294 
4 0 0 0 0 
5 0 0 813 0 0 
4 535 2544 0 1682 
0 
4 1185 4087 0 1078 
1 0 
3 2709 3149 3492 
3 0 644 0 
0 
2 0 1305 
1 0 
2 0 0 
1 0 
3 4002 0 1654 
3 3338 7025 1269 
3 0 1155 516 
2 0 5653 
3 0 0 0 
0 
3 0 6764 0 
2 0 0 
6 863 0 5785 0 0 196 
2 0 0 
3 0 0 1547 
0 
3 10818 0 3739 
0 

0 
4 10664 6616 9459 5316 
5 6404 11530 7776 6464 5984 
4 6446 4636 10935 5285 
1 6887 
2 8868 3583 
2 11529 5499 
0 
1 12269 
4 14660 9661 10442 8017 
2 6040 9167 
1 7253 
1 10447 
4 3092 3403 6496 6211 
5 5791 6718 6165 3748 5113 
4 11046 14391 5128 7588 
0 
4 11854 12002 4298 6848 
1 4528 
3 8674 10455 10921 
3 5156 6747 7764 
0 
2 4745 8651 
1 11505 
2 10488 3480 
1 8660 
3 12348 5879 8783 
3 8703 16740 13159 
3 8656 7106 7644 
2 9803 14404 
3 4954 3757 9099 
0 
3 4023 18116 8590 
2 7542 7241 
6 8207 8962 14836 6190 5783 6321 
2 5860 4760 
3 4002 6800 10361 
0 
3 24575 4318 16272 
0 

5 4171 8396 6799 6861 9614 
5 6048 4062 13342 11299 4679 
4 5879 9322 7822 6839 
5 4426 7176 11413 9736 6130 
4 13100 5107 7000 5516 
4 9932 6229 16563 13853 
4 10943 8195 13596 10706 
5 11555 7903 4622 7919 12205 
5 7042 5811 8333 6776 5591 
5 7294 5103 10403 8339 5848 
6 7742 4896 9385 11328 12422 6100 
5 3813 5014 10248 4187 8340 
4 10079 8987 9305 6216 
5 10739 11457 6894 7101 8297 
5 8338 6886 6177 10604 10537 
4 6011 7434 5263 9416 
4 7899 7828 10674 5432 
6 6713 7340 7919 6096 9871 7642 
6 9355 13675 7471 6204 8580 8375 
4 9366 8019 9626 7702 
127 138 109 136 112 159 150 152 120 130 175 114 123 153 147 104 115 156 180 124 
1 1 0 1 1 0 0 0 1 1 1 1 1 1 1 0 1 1 1 1 0 1 1 1 1 1 1 0 1 0 0 1 1 1 1 1 1 1 0 1 
1 1 0 1 1 0 0 0 1 1 1 1 1 1 1 0 1 1 1 1 0 1 1 1 1 1 1 0 1 0 0 1 1 1 1 1 1 1 0 1 
1 1 1 1 1 1 1 1 1 1 1 1 1 1 1 1 1 1 1 1 1 1 1 1 1 1 1 1 1 1 1 1 1 1 1 1 1 1 1 1 
1 1 1 1 1 1 1 1 1 1 1 1 1 1 1 1 1 1 1 1 1 1 1 1 1 1 1 1 1 1 1 1 1 1 1 1 1 1 1 1 
1 1 1 1 1 1 1 1 1 1 1 1 1 1 1 1 1 1 1 1 1 1 1 1 1 1 1 1 1 1 1 1 1 1 1 1 1 1 1 1 
1 1 1 1 1 1 1 1 1 1 1 1 1 1 1 1 1 1 1 1 1 1 1 1 1 1 1 1 1 1 1 1 1 1 1 1 1 1 1 1 
1 1 1 1 1 1 1 1 1 1 1 1 1 1 1 1 1 1 1 1 1 1 1 1 1 1 1 1 1 1 1 1 1 1 1 1 1 1 1 1 
1 1 0 1 1 0 0 0 1 1 1 1 1 1 1 0 1 1 1 1 0 1 1 1 1 1 1 0 1 0 0 1 1 1 1 1 1 1 0 1 
1 1 1 1 1 1 1 1 1 1 1 1 1 1 1 1 1 1 1 1 1 1 1 1 1 1 1 1 1 1 1 1 1 1 1 1 1 1 1 1 
1 1 1 1 1 1 1 1 1 1 1 1 1 1 1 1 1 1 1 1 1 1 1 1 1 1 1 1 1 1 1 1 1 1 1 1 1 1 1 1 
1 1 1 1 1 1 1 1 1 1 1 1 1 1 1 1 1 1 1 1 1 1 1 1 1 1 1 1 1 1 1 1 1 1 1 1 1 1 1 1 
1 1 1 1 1 1 1 1 1 1 1 1 1 1 1 1 1 1 1 1 1 1 1 1 1 1 1 1 1 1 1 1 1 1 1 1 1 1 1 1 
1 1 1 1 0 1 1 1 1 0 0 1 0 1 0 1 0 1 0 1 1 1 1 0 1 0 1 1 0 1 1 0 1 0 0 1 0 0 1 1 
1 1 1 1 1 1 1 1 1 1 1 1 1 1 1 1 1 1 1 1 1 1 1 1 1 1 1 1 1 1 1 1 1 1 1 1 1 1 1 1 
1 1 1 1 0 1 1 1 1 0 0 1 0 1 0 1 0 1 0 1 1 1 1 0 1 0 1 1 0 1 1 0 1 0 0 1 0 0 1 1 
1 1 1 1 0 1 1 1 1 0 0 1 0 1 0 1 0 1 0 1 1 1 1 0 1 0 1 1 0 1 1 0 1 0 0 1 0 0 1 1 
1 1 0 1 1 0 0 0 1 1 1 1 1 1 1 0 1 1 1 1 0 1 1 1 1 1 1 0 1 0 0 1 1 1 1 1 1 1 0 1 
1 1 1 1 1 1 1 1 1 1 1 1 1 1 1 1 1 1 1 1 1 1 1 1 1 1 1 1 1 1 1 1 1 1 1 1 1 1 1 1 
1 1 0 1 1 0 0 0 1 1 1 1 1 1 1 0 1 1 1 1 0 1 1 1 1 1 1 0 1 0 0 1 1 1 1 1 1 1 0 1 
1 1 0 1 1 0 0 0 1 1 1 1 1 1 1 0 1 1 1 1 0 1 1 1 1 1 1 0 1 0 0 1 1 1 1 1 1 1 0 1 
1 1 1 1 1 1 1 1 1 1 1 1 1 1 1 1 1 1 1 1 1 1 1 1 1 1 1 1 1 1 1 1 1 1 1 1 1 1 1 1 
1 1 0 0 0 0 0 0 0 0 1 0 1 0 0 0 0 0 0 0 0 0 0 0 0 0 0 0 0 1 0 0 0 0 0 0 0 0 0 0 
1 0 1 0 0 0 0 0 0 0 0 0 0 0 0 0 0 0 0 0 0 0 0 0 0 1 0 0 0 0 0 0 0 0 0 0 0 1 0 1 
1 0 0 1 0 0 0 1 0 0 0 1 0 0 0 0 0 0 0 0 0 0 0 0 0 0 0 0 0 0 0 0 0 0 0 0 1 0 0 0 
1 0 0 0 1 0 0 0 1 0 0 0 1 1 0 0 0 0 0 0 0 0 0 0 0 0 0 0 0 0 0 0 0 0 0 0 0 0 0 0 
1 0 1 0 0 1 0 0 0 0 0 0 0 0 0 0 0 0 0 0 0 0 0 0 0 1 0 0 0 0 0 0 0 0 0 0 0 1 0 0 
1 0 0 0 0 0 1 0 0 0 0 1 0 0 0 0 0 0 0 0 0 0 0 0 0 0 1 0 0 0 0 1 0 0 0 0 0 0 0 0 
1 0 0 1 0 0 0 1 0 0 0 1 0 0 0 0 0 0 0 0 0 0 0 0 0 0 0 0 0 0 0 0 0 0 0 0 1 0 0 0 
1 0 0 0 1 0 0 0 1 0 0 0 0 1 0 0 0 0 0 0 0 0 0 0 0 0 0 0 0 0 1 0 0 0 0 0 0 0 0 0 
1 0 0 0 0 0 0 0 0 1 0 0 0 0 0 0 0 0 0 0 0 0 0 1 0 0 0 0 0 0 0 0 0 0 1 1 0 0 1 0 
1 1 0 0 0 0 0 0 0 0 1 0 1 0 0 0 0 0 0 0 0 0 0 0 0 0 0 0 0 1 0 0 0 0 0 0 0 0 0 0 
1 0 0 1 0 0 0 1 0 0 0 1 0 0 0 0 0 0 0 0 0 0 0 0 0 0 1 0 0 0 0 0 0 0 0 0 0 0 0 0 
1 1 0 0 1 0 0 0 0 0 1 0 1 0 0 0 0 0 0 0 0 0 0 0 0 0 0 1 0 1 0 0 0 0 0 0 0 0 0 0 
1 0 0 0 1 0 0 0 1 0 0 0 0 1 0 0 0 0 0 0 0 0 0 0 0 0 0 1 0 0 0 0 0 0 0 0 0 0 0 0 
1 0 0 0 0 0 0 0 0 0 0 0 0 1 1 0 0 0 1 0 0 0 0 0 0 0 0 1 0 0 0 0 0 0 0 0 0 0 0 0 
1 0 0 0 0 0 0 0 0 0 0 0 0 0 0 1 0 0 0 0 1 0 1 0 0 0 0 0 0 0 0 0 0 1 0 0 0 0 0 0 
1 0 0 0 0 0 0 0 0 0 0 0 0 0 0 0 1 1 0 1 0 0 0 0 1 0 0 0 0 1 0 1 1 0 0 0 0 0 0 0 
1 0 0 0 0 0 0 0 1 0 0 0 0 0 0 0 0 1 0 1 0 0 0 0 0 0 0 0 0 0 1 0 1 0 0 0 0 0 0 0 
1 0 0 0 0 1 0 0 0 0 0 0 0 0 1 0 0 0 1 0 0 0 0 0 0 0 0 1 0 0 0 0 0 0 0 0 0 0 0 0 
1 0 0 0 0 0 0 0 0 0 0 0 0 0 0 0 0 1 0 1 0 0 0 0 1 0 0 0 0 0 1 0 1 0 0 0 0 0 0 0 
1 0 0 0 0 0 0 0 0 0 0 0 0 0 0 1 0 0 0 0 1 0 1 0 0 0 0 0 0 0 0 0 0 1 0 0 0 0 0 0 
1 0 0 0 0 0 0 0 0 0 0 0 0 0 0 0 0 0 0 0 0 1 0 1 0 0 0 0 0 0 0 0 0 0 0 0 0 0 1 1 
1 0 0 0 0 0 0 0 0 0 0 0 0 0 0 1 0 0 0 0 1 0 1 0 0 0 0 0 0 0 0 0 0 1 0 0 0 0 0 0 
1 0 0 0 0 0 0 0 0 1 0 0 0 0 0 0 0 0 0 0 0 1 0 1 0 0 0 0 0 0 0 0 0 0 0 0 0 0 1 0 
1 0 0 0 0 0 0 0 0 0 0 0 0 0 0 1 1 0 0 1 0 0 0 0 1 0 0 0 0 0 0 0 1 1 0 0 0 0 0 0 
1 0 1 0 0 0 0 0 0 0 0 0 0 0 0 0 0 0 0 0 0 0 0 0 0 1 0 0 0 0 0 0 0 0 0 0 0 1 0 1 
1 0 0 0 0 0 1 0 0 0 0 1 0 0 0 0 0 0 0 0 0 0 0 0 0 0 1 0 0 0 0 1 0 0 0 0 1 0 0 0 
1 0 0 0 0 0 0 0 0 0 0 0 1 1 1 0 0 0 0 0 0 0 0 0 0 0 0 1 0 0 0 0 0 0 0 0 0 0 0 0 
1 0 0 0 0 0 0 0 0 1 0 0 0 0 0 0 0 0 0 0 0 0 0 0 0 0 0 0 1 0 0 0 0 0 1 1 0 0 0 0 
1 1 0 0 0 0 0 0 0 0 1 0 1 0 0 0 0 0 0 0 0 0 0 0 0 0 0 0 0 1 0 0 0 0 0 0 0 0 0 0 
1 0 0 0 0 0 0 0 1 0 0 0 0 0 0 0 0 1 0 0 0 0 0 0 0 0 0 0 0 0 1 0 0 1 0 0 0 0 0 0 
1 0 0 0 0 0 1 0 0 0 0 1 0 0 0 0 0 0 0 0 0 0 0 0 0 0 1 0 0 0 0 1 0 0 0 0 1 0 0 0 
1 0 0 0 0 0 0 0 0 0 0 0 0 0 0 0 1 1 0 1 0 0 0 0 1 0 0 0 0 0 0 0 1 0 0 0 0 0 0 0 
1 0 0 0 0 0 0 0 0 0 0 0 0 0 0 1 0 0 0 0 1 0 1 0 0 0 0 0 0 0 0 0 0 1 0 0 0 0 0 0 
1 0 0 0 0 0 0 0 0 1 0 0 0 0 0 0 0 0 0 0 0 0 0 1 0 0 0 0 0 0 0 0 0 0 1 1 0 0 0 0 
1 0 0 0 0 0 0 0 0 1 0 0 0 0 0 0 0 0 0 0 0 0 0 0 0 0 0 0 1 0 0 0 0 0 1 1 0 0 0 0 
1 0 0 1 0 0 0 1 0 0 0 0 0 0 0 0 0 0 0 0 0 0 0 0 0 0 1 0 0 0 0 0 0 0 0 0 1 0 0 0 
1 0 1 0 0 1 0 0 0 0 0 0 0 0 0 0 0 0 0 0 0 0 0 0 0 1 0 0 0 0 0 0 0 0 0 0 0 1 0 0 
1 0 0 0 0 0 0 0 0 1 0 0 0 0 0 0 0 0 0 0 0 1 0 1 0 0 0 0 0 0 0 0 0 0 0 0 0 0 1 0 
1 0 1 0 0 0 0 0 0 0 0 0 0 0 0 0 0 0 0 0 0 1 0 0 0 1 0 0 0 0 0 0 0 0 0 0 0 0 0 1 
